business_name,search_category,primary_category,all_categories,pincode,circle,region,division,major_offices,phone_number,website,rating,reviews_count,address,area,latitude,longitude,place_id,place_url,part_id,crawled_at,s_no
M&S Ice Cream,Ice Cream Parlour,Grocery store,Grocery store,796181,North Eastern Circle,North Eastern Region,Mizoram Division,"Serchhip S.O, Bungtlang 'N' B.O, Chekawn B.O",+91 87328 53544,N/A,,,"Aoc Veng, Serchhip, Mizoram 796181",796181,23.3175261,92.858047,ChIJR9v1b4oJTTcRTQFhnP043Js,https://www.google.com/maps/place/?q=place_id:ChIJR9v1b4oJTTcRTQFhnP043Js,part_372,2026-09-20 20:19:08,869
Queen's Ice Cream,Ice Cream Parlour,Ice cream shop,Ice cream shop,796181,North Eastern Circle,North Eastern Region,Mizoram Division,"Serchhip S.O, Bungtlang 'N' B.O, Chekawn B.O",N/A,N/A,4.3,,"Kawn, Khatla, Aizawl, Mizoram 796001",Khatla,23.720175299999998,92.71735919999999,ChIJkSX4376UTTcRskKXHpFIS3Y,https://www.google.com/maps/place/?q=place_id:ChIJkSX4376UTTcRskKXHpFIS3Y,part_372,2026-09-20 20:19:08,870
Hotel Crown Cafe,Ice Cream Parlour,Coffee shop,Coffee shop,796181,North Eastern Circle,North Eastern Region,Mizoram Division,"Serchhip S.O, Bungtlang 'N' B.O, Chekawn B.O",N/A,N/A,3.0,,"7QHF+W6V, Thenzawl, Mizoram 796186",796181,23.279901,92.772954,ChIJt3sxFwB1TTcR0CsJM3kcZ9c,https://www.google.com/maps/place/?q=place_id:ChIJt3sxFwB1TTcR0CsJM3kcZ9c,part_372,2026-09-20 20:19:08,871
FROSTY FRIES,Ice Cream Parlour,Ice cream shop,Ice cream shop,796181,North Eastern Circle,North Eastern Region,Mizoram Division,"Serchhip S.O, Bungtlang 'N' B.O, Chekawn B.O",+91 90895 93278,N/A,5.0,,"NH2, Serchhip, Mizoram 796181",796181,23.3105847,92.8565519,ChIJQZDJhQELTTcRs40H8G5WPIM,https://www.google.com/maps/place/?q=place_id:ChIJQZDJhQELTTcRs40H8G5WPIM,part_372,2026-09-20 20:19:08,872
SL AMUL,Ice Cream Parlour,Ice cream shop,Ice cream shop,796181,North Eastern Circle,North Eastern Region,Mizoram Division,"Serchhip S.O, Bungtlang 'N' B.O, Chekawn B.O",N/A,https://www.instagram.com/amul_icecream_serchhip?igsh=MWEycWQ1azI4cGh4cw%3D%3D&utm_source=qr,,,"Pu Lalzuiliana Building, Leisang Veng, Serchhip, Mizoram 796181",796181,23.3168983,92.85597589999999,ChIJa3DCA4ILTTcRDyoWKn0vOwE,https://www.google.com/maps/place/?q=place_id:ChIJa3DCA4ILTTcRDyoWKn0vOwE,part_372,2026-09-20 20:19:08,873
Nur enterprise mother dairy ice cream distributor,Ice Cream Parlour,Ice cream shop,Ice cream shop,796181,North Eastern Circle,North Eastern Region,Mizoram Division,"Serchhip S.O, Bungtlang 'N' B.O, Chekawn B.O",+91 93945 06983,N/A,5.0,9.0,"4JC4+727, Lower Mirzapur Rd, Jogipara, Azara, Guwahati, Assam 781017","Jogipara, Azara",26.120671299999998,91.6050322,ChIJ4x8VTgBDWjcRq7eIqYCUdvo,https://www.google.com/maps/place/?q=place_id:ChIJ4x8VTgBDWjcRq7eIqYCUdvo,part_372,2026-09-20 20:19:10,874
"Pabrai's Fresh & Naturelle Ice Cream, Sarat Bose Road, Kolkata",Ice Cream Parlour,Ice cream shop,"Ice cream shop, Juice shop",796184,North Eastern Circle,North Eastern Region,Mizoram Division,"N. Vanlaiphai S.O, Lungchhuan B.O, Lungkawlh B.O",+91 90070 82727,http://www.pabraisindia.com/,4.4,2626.0,"28, Sarat Bose Rd, Rafiganj, Chakraberia, Ballygunge, Kolkata, West Bengal 700020","Rafiganj, Chakraberia, Ballygunge",22.5341566,88.35361379999999,ChIJMepvaYN3AjoRAleC8jmT77w,https://www.google.com/maps/place/?q=place_id:ChIJMepvaYN3AjoRAleC8jmT77w,part_372,2026-09-20 20:19:49,7614
Icy Fusion,Ice Cream Parlour,Ice cream shop,Ice cream shop,796184,North Eastern Circle,North Eastern Region,Mizoram Division,"N. Vanlaiphai S.O, Lungchhuan B.O, Lungkawlh B.O",+91 91236 05314,N/A,4.4,1058.0,"18/1, Sarat Bose Rd, Rowland Row, Ballygunge, Kolkata, West Bengal 700020","Rowland Row, Ballygunge",22.5357681,88.3540831,ChIJMV4SHyN3AjoRrlXWjrfCYbU,https://www.google.com/maps/place/?q=place_id:ChIJMV4SHyN3AjoRrlXWjrfCYbU,part_372,2026-09-20 20:19:49,7615
"Pabrai's Fresh & Naturelle Ice Cream, Salt Lake, Kolkata",Ice Cream Parlour,Ice cream shop,Ice cream shop,796184,North Eastern Circle,North Eastern Region,Mizoram Division,"N. Vanlaiphai S.O, Lungchhuan B.O, Lungkawlh B.O",+91 75960 07775,http://www.pabraisindia.com/,4.4,1014.0,"DC 27/26, Salt Lake, DC Block, Sector 1, Bidhannagar, Kolkata, West Bengal 700064","DC Block, Sector 1, Bidhannagar",22.5894895,88.4085178,ChIJYV2Ye-d1AjoRMw9dPrrU8hs,https://www.google.com/maps/place/?q=place_id:ChIJYV2Ye-d1AjoRMw9dPrrU8hs,part_372,2026-09-20 20:19:49,7616
Mantap Ice Cream,Ice Cream Parlour,Ice cream shop,Ice cream shop,796184,North Eastern Circle,North Eastern Region,Mizoram Division,"N. Vanlaiphai S.O, Lungchhuan B.O, Lungkawlh B.O",N/A,N/A,4.6,1622.0,"13, Platform Rd, VV Giri Colony, Seshadripuram, Bengaluru, Karnataka 560020","VV Giri Colony, Seshadripuram",12.9888432,77.5722316,ChIJaXFzS68XrjsRuTNBKDS84fY,https://www.google.com/maps/place/?q=place_id:ChIJaXFzS68XrjsRuTNBKDS84fY,part_372,2026-09-20 20:19:49,7617
The Fat Little Penguin,Ice Cream Parlour,Ice cream shop,"Ice cream shop, Dessert shop",796184,North Eastern Circle,North Eastern Region,Mizoram Division,"N. Vanlaiphai S.O, Lungchhuan B.O, Lungkawlh B.O",+91 96545 31646,http://www.thefatlittlepenguin.com/,4.3,157.0,"13/7, Palm Ave, Ballygunge Park, Ballygunge, Kolkata, West Bengal 700019","Ballygunge Park, Ballygunge",22.5350994,88.3701148,ChIJAXkDrlF3AjoRIoxT7Rhirv4,https://www.google.com/maps/place/?q=place_id:ChIJAXkDrlF3AjoRIoxT7Rhirv4,part_372,2026-09-20 20:19:49,7618
Jal Mahal Ice Cream Parlour,Ice Cream Parlour,Ice cream shop,Ice cream shop,796184,North Eastern Circle,North Eastern Region,Mizoram Division,"N. Vanlaiphai S.O, Lungchhuan B.O, Lungkawlh B.O",+91 93513 62593,N/A,4.4,4373.0,"Shop no 85, Mirza Ismail Rd, near Paanch Batti, C Scheme, Ashok Nagar, Jaipur, Jaipur Nagar Nigam Area, Rajasthan 302001","C Scheme, Ashok Nagar",26.9162407,75.811274,ChIJ7UO_UrG2bTkR65fZu-RyTkg,https://www.google.com/maps/place/?q=place_id:ChIJ7UO_UrG2bTkR65fZu-RyTkg,part_372,2026-09-20 20:19:49,7619
Himadri Ice Creams-Best Ice Cream Shops in Rajajinagar,Ice Cream Parlour,Ice cream shop,Ice cream shop,796184,North Eastern Circle,North Eastern Region,Mizoram Division,"N. Vanlaiphai S.O, Lungchhuan B.O, Lungkawlh B.O",+91 88840 87337,N/A,4.6,1023.0,"10th Main Rd, 3rd Block, Rajajinagar, Bengaluru, Karnataka 560010","3rd Block, Rajajinagar",12.9863916,77.55581889999999,ChIJB71YNfs9rjsRxtSJ3c7oHR8,https://www.google.com/maps/place/?q=place_id:ChIJB71YNfs9rjsRxtSJ3c7oHR8,part_372,2026-09-20 20:19:49,7620
Panna's Pan Roll Icecream Parlour,Ice Cream Parlour,Ice cream shop,"Ice cream shop, Fast food restaurant",796184,North Eastern Circle,North Eastern Region,Mizoram Division,"N. Vanlaiphai S.O, Lungchhuan B.O, Lungkawlh B.O",+91 96746 43003,N/A,4.2,565.0,"7-17, Brahmo Samaj Rd, Vidyasagar Park, Behala, Kolkata, West Bengal 700034","Vidyasagar Park, Behala",22.4989313,88.3171895,ChIJQbmiXRN7AjoRmiPc5b2txkI,https://www.google.com/maps/place/?q=place_id:ChIJQbmiXRN7AjoRmiPc5b2txkI,part_372,2026-09-20 20:19:49,7621
Classic Derani Jethani Icecream Parlour,Ice Cream Parlour,Ice cream shop,Ice cream shop,796184,North Eastern Circle,North Eastern Region,Mizoram Division,"N. Vanlaiphai S.O, Lungchhuan B.O, Lungkawlh B.O",+91 63563 34553,https://instagram.com/classicderanijethani?igshid=n780gbmrpuoj,4.4,1139.0,"34, Chaitanya society, Nr. Staduim petrol pump, Navrangpura, Ahmedabad, Gujarat 380009","Sadhna Colony, Chaitanya Nagar, Navrangpura",23.0445138,72.5601677,ChIJtdmpmY6EXjkRaOh2Wr1QwTY,https://www.google.com/maps/place/?q=place_id:ChIJtdmpmY6EXjkRaOh2Wr1QwTY,part_372,2026-09-20 20:19:49,7622
Jaina Ice Cream Parlour & Cake Shop,Ice Cream Parlour,Restaurant,Restaurant,796184,North Eastern Circle,North Eastern Region,Mizoram Division,"N. Vanlaiphai S.O, Lungchhuan B.O, Lungkawlh B.O",+91 99281 80062,N/A,4.9,108.0,"Shop No-90, Mirza Ismail Rd, C Scheme, Paach Batti, Jaipur, Jaipur Nagar Nigam Area, Rajasthan 302001","C Scheme, Paach Batti",26.9161772,75.810831,ChIJpZjZuKu2bTkRDrOcIW5QJgg,https://www.google.com/maps/place/?q=place_id:ChIJpZjZuKu2bTkRDrOcIW5QJgg,part_372,2026-09-20 20:19:49,7623
Patel Ice Cream,Ice Cream Parlour,Ice cream shop,Ice cream shop,796184,North Eastern Circle,North Eastern Region,Mizoram Division,"N. Vanlaiphai S.O, Lungchhuan B.O, Lungkawlh B.O",+91 96015 85588,N/A,4.1,763.0,"Stadium Circle, Navrangpura, opposite Sports Club Gujarat, Ahmedabad, Gujarat 380009","Kamla Society, Hindu Colony, Navrangpura",23.040233,72.5633417,ChIJUU_yrJKEXjkR6zZ_XqnZztw,https://www.google.com/maps/place/?q=place_id:ChIJUU_yrJKEXjkR6zZ_XqnZztw,part_372,2026-09-20 20:19:49,7624
Milano Ice Cream - Jayanagar,Ice Cream Parlour,Ice cream shop,"Ice cream shop, Dessert shop, Italian restaurant, Pizza restaurant",796184,North Eastern Circle,North Eastern Region,Mizoram Division,"N. Vanlaiphai S.O, Lungchhuan B.O, Lungkawlh B.O",+91 80886 84573,N/A,4.4,8446.0,"9th Main Rd, Nr. 7, 4th Block, 5th Block, Jayanagar, Bengaluru, Karnataka 560041","4th Block, 5th Block, Jayanagar",12.922555299999999,77.5839361,ChIJ8STjFrYVrjsRiZ-Sy99UkJs,https://www.google.com/maps/place/?q=place_id:ChIJ8STjFrYVrjsRiZ-Sy99UkJs,part_372,2026-09-20 20:19:49,7625
Naturals Ice Cream,Ice Cream Parlour,Ice cream shop,Ice cream shop,796184,North Eastern Circle,North Eastern Region,Mizoram Division,"N. Vanlaiphai S.O, Lungchhuan B.O, Lungkawlh B.O",+91 79 4284 5998,https://naturalicecreams.in/,4.7,130.0,"Shop No 1/1, Shree Krishna Centre, Mithakhali Six Rd, near Passport office, Mithakhali, Navrangpura, Ahmedabad, Gujarat 380009","Mithakhali, Navrangpura",23.032746799999998,72.5653272,ChIJ2dcrbIiFXjkRoE7tlSVG4h0,https://www.google.com/maps/place/?q=place_id:ChIJ2dcrbIiFXjkRoE7tlSVG4h0,part_372,2026-09-20 20:19:49,7626
Ramchandra Kulfi Bhandar,Ice Cream Parlour,Ice cream shop,Ice cream shop,796184,North Eastern Circle,North Eastern Region,Mizoram Division,"N. Vanlaiphai S.O, Lungchhuan B.O, Lungkawlh B.O",+91 94140 77706,N/A,4.4,4808.0,"Shop No. 222, 221, Tripolia Bazar, Pink City, Jaipur, Jaipur Nagar Nigam Area, Rajasthan 302002","Tripolia Bazar, Pink City",26.9231108,75.8253039,ChIJFcj2QEuxbTkRuOZegwn1dAQ,https://www.google.com/maps/place/?q=place_id:ChIJFcj2QEuxbTkRuOZegwn1dAQ,part_372,2026-09-20 20:19:49,7627
Corner House,Ice Cream Parlour,Ice cream shop,Ice cream shop,796184,North Eastern Circle,North Eastern Region,Mizoram Division,"N. Vanlaiphai S.O, Lungchhuan B.O, Lungkawlh B.O",+91 98808 46251,https://www.cornerhouseicecreams.com/,4.5,,"3283, 8th - Cross Rd, Appareddipalya, Indiranagar, Bengaluru, Karnataka 560008","Appareddipalya, Indiranagar",12.9701059,77.63744439999999,ChIJcUFZIqcXrjsRgmngcu1QQVk,https://www.google.com/maps/place/?q=place_id:ChIJcUFZIqcXrjsRgmngcu1QQVk,part_372,2026-09-20 20:19:50,7628
Milano Ice Cream,Ice Cream Parlour,Ice cream shop,Ice cream shop,796184,North Eastern Circle,North Eastern Region,Mizoram Division,"N. Vanlaiphai S.O, Lungchhuan B.O, Lungkawlh B.O",+91 80 4125 6483,N/A,4.6,,"460, Shri Krishna Temple Rd, Indira Nagar 1st Stage, Stage 1, Indiranagar, Bengaluru, Karnataka 560038","Indira Nagar 1st Stage, Stage 1, Indiranagar",12.979034299999999,77.6440204,ChIJAVx0xK8WrjsR9EyNzDWuBKk,https://www.google.com/maps/place/?q=place_id:ChIJAVx0xK8WrjsR9EyNzDWuBKk,part_372,2026-09-20 20:19:50,7629
Scoop & Cones - Artisan Gelato Icecream,Ice Cream Parlour,Ice cream shop,"Ice cream shop, Dessert shop",796184,North Eastern Circle,North Eastern Region,Mizoram Division,"N. Vanlaiphai S.O, Lungchhuan B.O, Lungkawlh B.O",+91 95876 80006,https://www.zomato.com/jaipur/scoop-cones-artisan-gelato-c-scheme,4.5,,"E-143, Ramesh Marg, Durgadas Colony, C Scheme, Ashok Nagar, Jaipur, Jaipur Nagar Nigam Area, Rajasthan 302001","Durgadas Colony, C Scheme, Ashok Nagar",26.9052188,75.7943085,ChIJNaTKPmi1bTkRniagFw_RS90,https://www.google.com/maps/place/?q=place_id:ChIJNaTKPmi1bTkRniagFw_RS90,part_372,2026-09-20 20:19:50,7630
Naturals Ice Cream,Ice Cream Parlour,Ice cream shop,"Ice cream shop, Sweet shop, Dessert restaurant, Dessert shop, Frozen dessert supplier",796184,North Eastern Circle,North Eastern Region,Mizoram Division,"N. Vanlaiphai S.O, Lungchhuan B.O, Lungkawlh B.O",+91 98756 67388,https://naturalicecreams.in/,4.6,,"Ground Floor, 77/1, Park St, Taltala, Kolkata, West Bengal 700016",Taltala,22.5506811,88.35480969999999,ChIJk6kishp3AjoRGSCj-UslYMQ,https://www.google.com/maps/place/?q=place_id:ChIJk6kishp3AjoRGSCj-UslYMQ,part_372,2026-09-20 20:19:50,7631
Gupta Shop,Ice Cream Parlour,Ice cream shop,Ice cream shop,796184,North Eastern Circle,North Eastern Region,Mizoram Division,"N. Vanlaiphai S.O, Lungchhuan B.O, Lungkawlh B.O",+91 98748 23546,N/A,4.8,,"Deshpran Sasmal Rd, Tollygunge Golf Club, Tollygunge, Kolkata, West Bengal 700033","Tollygunge Golf Club, Tollygunge",22.494354899999998,88.345337,ChIJR1RxtLRxAjoRaSFOizryAGg,https://www.google.com/maps/place/?q=place_id:ChIJR1RxtLRxAjoRaSFOizryAGg,part_372,2026-09-20 20:19:50,7632
Bonne Creme,Ice Cream Parlour,Ice cream shop,Ice cream shop,796184,North Eastern Circle,North Eastern Region,Mizoram Division,"N. Vanlaiphai S.O, Lungchhuan B.O, Lungkawlh B.O",N/A,N/A,4.4,,"68/4D, Purna Das Rd, opposite Dakat Kali Bari Temple, Triangular Park, 50 m, Gariahat, Kolkata, West Bengal 700029","Triangular Park, 50 m, Gariahat",22.5175534,88.35898259999999,ChIJodqAgrV3AjoRutyVNzv37Nc,https://www.google.com/maps/place/?q=place_id:ChIJodqAgrV3AjoRutyVNzv37Nc,part_372,2026-09-20 20:19:50,7633
Naturals Ice Cream,Ice Cream Parlour,Ice cream shop,"Ice cream shop, Sweet shop, Dessert restaurant, Dessert shop, Frozen dessert supplier",796184,North Eastern Circle,North Eastern Region,Mizoram Division,"N. Vanlaiphai S.O, Lungchhuan B.O, Lungkawlh B.O",+91 70148 65014,https://naturalicecreams.in/,4.5,,"Ground Floor, Inside Suryavanshi Pearl Show Room No.2,Circle, A-5, Sardar Patel Marg, C Scheme, Jaipur, Rajasthan 302001",C Scheme,26.911012399999997,75.7954312,ChIJ-xNKiQW0bTkRrA69AtivLWk,https://www.google.com/maps/place/?q=place_id:ChIJ-xNKiQW0bTkRrA69AtivLWk,part_372,2026-09-20 20:19:50,7634
Richie Rich Ice Creams,Ice Cream Parlour,Ice cream shop,"Ice cream shop, Sweets and dessert buffet, Family restaurant, Fast food restaurant, Indian restaurant, Pizza restaurant, Restaurant, Snack bar, Sundae restaurant",796184,North Eastern Circle,North Eastern Region,Mizoram Division,"N. Vanlaiphai S.O, Lungchhuan B.O, Lungkawlh B.O",+91 80 2226 9655,https://richierichicecreams.com/,4.1,,"Number 21, SNS Plaza, Shivananda Circle, 5, Kumarakrupa Rd, near Sivananda Circle, Kumara Park East, Seshadripuram, Bengaluru, Karnataka 560001","Kumara Park East, Seshadripuram",12.986736599999999,77.5800984,ChIJjdFvzhUWrjsRlRS395DfAEw,https://www.google.com/maps/place/?q=place_id:ChIJjdFvzhUWrjsRlRS395DfAEw,part_372,2026-09-20 20:19:50,7635
Shere punjab Ice Cream,Ice Cream Parlour,Ice cream shop,Ice cream shop,796184,North Eastern Circle,North Eastern Region,Mizoram Division,"N. Vanlaiphai S.O, Lungchhuan B.O, Lungkawlh B.O",+91 76657 77763,N/A,4.1,,"shere punjab ice cream, Gumanpura, Kota, Kota Municipal Area, Rajasthan 324007",Gumanpura,25.1722546,75.8517359,ChIJ9XIsiimbbzkRjqI8nemJT0Y,https://www.google.com/maps/place/?q=place_id:ChIJ9XIsiimbbzkRjqI8nemJT0Y,part_372,2026-09-20 20:19:50,7636
Mama Mia!,Ice Cream Parlour,Ice cream shop,Ice cream shop,796184,North Eastern Circle,North Eastern Region,Mizoram Division,"N. Vanlaiphai S.O, Lungchhuan B.O, Lungkawlh B.O",+91 93310 25150,N/A,4.3,,"Tripura Enclave, 59, Ballygunge Circular Rd, beside MAMA MIA, Ballygunge, Kolkata, West Bengal 700019",Ballygunge,22.5286617,88.3587902,ChIJY7ORHSZ3AjoRiJGH7QoyN-Q,https://www.google.com/maps/place/?q=place_id:ChIJY7ORHSZ3AjoRiJGH7QoyN-Q,part_372,2026-09-20 20:19:50,7637
DoReMe,Ice Cream Parlour,Ice cream shop,Ice cream shop,796184,North Eastern Circle,North Eastern Region,Mizoram Division,"N. Vanlaiphai S.O, Lungchhuan B.O, Lungkawlh B.O",+91 91230 18179,https://instagram.com/doreme_kolkata?igshid=NzNkNDdiOGI=,4.6,,"129, CC Block(Newtown), Action Area 1C, Newtown, West Bengal 700107","CC Block(Newtown), Action Area 1C, Newtown",22.5769341,88.4688591,ChIJu4a8oCp1AjoRIA9qnLjLfj0,https://www.google.com/maps/place/?q=place_id:ChIJu4a8oCp1AjoRIA9qnLjLfj0,part_372,2026-09-20 20:19:50,7638
Shahi Durbar & Icecream Factory,Ice Cream Parlour,Ice cream shop,Ice cream shop,796184,North Eastern Circle,North Eastern Region,Mizoram Division,"N. Vanlaiphai S.O, Lungchhuan B.O, Lungkawlh B.O",+91 70001 69442,N/A,4.3,,"129a, Malviya Nagar, Bhopal, Madhya Pradesh 462003",Malviya Nagar,23.233498299999997,77.4043241,ChIJVfIVS5RCfDkRXjvNYGZJPg0,https://www.google.com/maps/place/?q=place_id:ChIJVfIVS5RCfDkRXjvNYGZJPg0,part_372,2026-09-20 20:19:51,7639
Taj Icecream,Ice Cream Parlour,Ice cream shop,Ice cream shop,796184,North Eastern Circle,North Eastern Region,Mizoram Division,"N. Vanlaiphai S.O, Lungchhuan B.O, Lungkawlh B.O",+91 98207 77732,N/A,4.4,,"Shop No. 1, SBUT Transit Cluster - D Kharat, Chimna Butcher St, Bohri Mohalla, Mumbai, Maharashtra 400003","Bohri Mohalla, Kumbharwada",18.9599524,72.8304603,ChIJabNUeD7O5zsRwaly1xNmbCE,https://www.google.com/maps/place/?q=place_id:ChIJabNUeD7O5zsRwaly1xNmbCE,part_372,2026-09-20 20:19:51,7640
Sadguru Ice Cream,Ice Cream Parlour,Ice cream shop,"Ice cream shop, Dessert shop",796184,North Eastern Circle,North Eastern Region,Mizoram Division,"N. Vanlaiphai S.O, Lungchhuan B.O, Lungkawlh B.O",N/A,http://www.sadguruicecream.com/,4.3,,"Shop No.1, Gogri Niwas, Dr Babasaheb Ambedkar Rd, opp. New Hindmata Cloth Market, Dadar East, Mumbai, Maharashtra 400014",Dadar East,19.0085929,72.84181389999999,ChIJ17mxPvbO5zsR83iv8QosBH0,https://www.google.com/maps/place/?q=place_id:ChIJ17mxPvbO5zsR83iv8QosBH0,part_372,2026-09-20 20:19:51,7641
Gaylord Xpress,Ice Cream Parlour,Bakery and Cake Shop,Bakery and Cake Shop,796184,North Eastern Circle,North Eastern Region,Mizoram Division,"N. Vanlaiphai S.O, Lungchhuan B.O, Lungkawlh B.O",+91 99973 90000,N/A,3.2,,"4, Paltan Bazar Rd, Ghanta Ghar, Paltan Bazaar, Dehradun, Uttarakhand 248001","Ghanta Ghar, Paltan Bazaar",30.324006599999997,78.0415855,ChIJf_DwkOopCTkRfqFnJKMQi0U,https://www.google.com/maps/place/?q=place_id:ChIJf_DwkOopCTkRfqFnJKMQi0U,part_372,2026-09-20 20:19:51,7642
Amul ice lounge,Ice Cream Parlour,Ice cream shop,Ice cream shop,796184,North Eastern Circle,North Eastern Region,Mizoram Division,"N. Vanlaiphai S.O, Lungchhuan B.O, Lungkawlh B.O",+91 73768 59998,N/A,4.0,,"T 33 34 , 3rd floor, Phoenix Palassio Mall, Lucknow, Ardonamau, Uttar Pradesh 226002",796184,26.8087777,81.0127107,ChIJr23MPz_lmzkRwe6YYk4Z-kk,https://www.google.com/maps/place/?q=place_id:ChIJr23MPz_lmzkRwe6YYk4Z-kk,part_372,2026-09-20 20:19:51,7643
Corner House - HSR Sector 2,Ice Cream Parlour,Ice cream shop,Ice cream shop,796184,North Eastern Circle,North Eastern Region,Mizoram Division,"N. Vanlaiphai S.O, Lungchhuan B.O, Lungkawlh B.O",+91 72592 41707,https://cornerhouseicecreams.com/,4.4,,"TCK Enclave, 1666, 27th Main Rd, 2nd Sector, Parangi Palaya, Sector 2, HSR Layout, Bengaluru, Karnataka 560102","2nd Sector, Parangi Palaya, Sector 2, HSR Layout",12.9099308,77.65172919999999,ChIJuYPDxp0UrjsRDlEpfJjxIN4,https://www.google.com/maps/place/?q=place_id:ChIJuYPDxp0UrjsRDlEpfJjxIN4,part_372,2026-09-20 20:19:51,7644
Softy Corner,Ice Cream Parlour,Ice cream shop,Ice cream shop,796184,North Eastern Circle,North Eastern Region,Mizoram Division,"N. Vanlaiphai S.O, Lungchhuan B.O, Lungkawlh B.O",+91 99295 90721,N/A,4.4,,"softy corner, 222, Gurunanakpura, Raja Park, Jaipur, Jaipur Nagar Nigam Area, Rajasthan 302004","Gurunanakpura, Raja Park",26.8960376,75.82656589999999,ChIJw2mvUpS2bTkR6DwWb9Ld1-A,https://www.google.com/maps/place/?q=place_id:ChIJw2mvUpS2bTkR6DwWb9Ld1-A,part_372,2026-09-20 20:19:51,7645
Mithu Ice Cream,Ice Cream Parlour,Restaurant,Restaurant,796184,North Eastern Circle,North Eastern Region,Mizoram Division,"N. Vanlaiphai S.O, Lungchhuan B.O, Lungkawlh B.O",+91 98880 49002,N/A,3.8,,"G.T. Road,Near Old Bus Stand,, Khanna, Punjab 141401",Anant Nagar,30.704283,76.22154379999999,ChIJG0gRLisQEDkRYNLnvl_J8HM,https://www.google.com/maps/place/?q=place_id:ChIJG0gRLisQEDkRYNLnvl_J8HM,part_372,2026-09-20 20:19:51,7646
Ice-Cream Factory,Ice Cream Parlour,Ice cream shop,Ice cream shop,796184,North Eastern Circle,North Eastern Region,Mizoram Division,"N. Vanlaiphai S.O, Lungchhuan B.O, Lungkawlh B.O",+91 96194 34981,https://www.instagram.com/icecreamfactory.official?igsh=bGtpOTNoMjdjN3ow,4.2,1898.0,"Apartment A, Gagangiri, 4, Sangeet Samrat Naushad Ali Rd, near Union Park, Hanuman Nagar, Pali Hill, Mumbai, Maharashtra 400052","Hanuman Nagar, Pali Hill",19.070817899999998,72.8234798,ChIJO2Na1WvJ5zsRI8WKzKH4Pvc,https://www.google.com/maps/place/?q=place_id:ChIJO2Na1WvJ5zsRI8WKzKH4Pvc,part_372,2026-09-20 20:19:51,7647
𝙋𝙖𝙣𝙣𝙖 𝙇𝙖𝙡 𝙆𝙪𝙡𝙛𝙞 𝙒𝙖𝙡𝙖 𝙋𝙫𝙩 𝙇𝙩𝙙,Ice Cream Parlour,Ice cream shop,"Ice cream shop, Beverage Store, Sweet shop, Dessert restaurant, Dessert shop, Food court, Food manufacturer, Frozen food manufacturer, Frozen food store, Indian sweets shop",796184,North Eastern Circle,North Eastern Region,Mizoram Division,"N. Vanlaiphai S.O, Lungchhuan B.O, Lungkawlh B.O",+91 91119 15159,https://pannalalkulfiwala.com/,4.9,355.0,"Jorawar Singh Gate, Shop No.1,Near Gate no.1 Govind Nagar East Park Street, Amer Rd, opp. HDFC BANK, Jaipur, Rajasthan 302002",Govind Nagar,26.9368795,75.8348847,ChIJ2dWaBdu2bTkRH5jrXSv95B4,https://www.google.com/maps/place/?q=place_id:ChIJ2dWaBdu2bTkRH5jrXSv95B4,part_372,2026-09-20 20:19:51,7648
Laxmi Ice Cream Pvt. Ltd.,Ice Cream Parlour,Ice cream shop,"Ice cream shop, Vegetarian restaurant",796184,North Eastern Circle,North Eastern Region,Mizoram Division,"N. Vanlaiphai S.O, Lungchhuan B.O, Lungkawlh B.O",+91 99993 30402,N/A,4.2,904.0,"H 2, Thekedaar Surjeet Singh Marg, Hudson Lane, GTB Nagar, Delhi, 110033","Hudson Lane, GTB Nagar",28.697024499999998,77.2044988,ChIJ2c-zwfH9DDkRXOTtxpa40wM,https://www.google.com/maps/place/?q=place_id:ChIJ2c-zwfH9DDkRXOTtxpa40wM,part_372,2026-09-20 20:19:51,7649
Ramani Icecream Co Limited (Top-n-Town),Ice Cream Parlour,Ice cream shop,Ice cream shop,796184,North Eastern Circle,North Eastern Region,Mizoram Division,"N. Vanlaiphai S.O, Lungchhuan B.O, Lungkawlh B.O",+91 755 404 6600,https://www.topntown.com/company-profile.php,4.2,222.0,"Plot No. H/46, 47, Govindpura Industrial Area, Bhopal, Madhya Pradesh 462023",Govindpura Industrial Area,23.2692736,77.44301779999999,ChIJ-f___-ZpfDkRw4-7jE5i4fI,https://www.google.com/maps/place/?q=place_id:ChIJ-f___-ZpfDkRw4-7jE5i4fI,part_372,2026-09-20 20:19:51,7650
Ice Cream Distributors,Ice Cream Parlour,Ice cream shop,Ice cream shop,796184,North Eastern Circle,North Eastern Region,Mizoram Division,"N. Vanlaiphai S.O, Lungchhuan B.O, Lungkawlh B.O",N/A,N/A,4.0,9.0,"50/2/1, Bhairab Dutta Ln, Salkia, Howrah, West Bengal 711106",Salkia,22.597016999999997,88.337666,ChIJyaKSJO93AjoRHt1JlLgN1ns,https://www.google.com/maps/place/?q=place_id:ChIJyaKSJO93AjoRHt1JlLgN1ns,part_372,2026-09-20 20:19:51,7651
Ice Cream Wholesalers,Ice Cream Parlour,Ice cream shop,Ice cream shop,796184,North Eastern Circle,North Eastern Region,Mizoram Division,"N. Vanlaiphai S.O, Lungchhuan B.O, Lungkawlh B.O",N/A,N/A,5.0,1.0,"No-4, 22 Godam Cir, Durgadas Colony, C Scheme, Ashok Nagar, Jaipur, Jaipur Nagar Nigam Area, Rajasthan 302019","Durgadas Colony, C Scheme, Ashok Nagar",26.9025982,75.7935873,ChIJYeGywxC0bTkR7ZKvf1Yvf8Y,https://www.google.com/maps/place/?q=place_id:ChIJYeGywxC0bTkR7ZKvf1Yvf8Y,part_372,2026-09-20 20:19:51,7652
"Kulfreeze - Ice creams, Kulfis & more",Ice Cream Parlour,Ice cream shop,"Ice cream shop, Dessert restaurant, Dessert shop, Frozen dessert supplier",796186,North Eastern Circle,North Eastern Region,Mizoram Division,"Thenzawl S.O, Chhipphir B.O, Kanghmun 'S' B.O",+91 97337 31000,http://www.kulfreeze.com/,4.4,,"Sevoke Rd, opp. LIC Building, Ward 13, Punjabi Para, Siliguri, West Bengal 734001","Ward 13, Punjabi Para",26.7225903,88.4281661,ChIJx5V9zRNB5DkRZ3zfSy0BSpM,https://www.google.com/maps/place/?q=place_id:ChIJx5V9zRNB5DkRZ3zfSy0BSpM,part_372,2026-09-20 20:20:32,15253
Melt Ice Cream Parlour and cafe,Ice Cream Parlour,Restaurant,Restaurant,796186,North Eastern Circle,North Eastern Region,Mizoram Division,"Thenzawl S.O, Chhipphir B.O, Kanghmun 'S' B.O",+91 76409 97781,N/A,4.3,,"Chingmeirong Rd, Chingmeirong, Imphal, Manipur 795001",Chingmeirong,24.828457999999998,93.9443996,ChIJa777k9YnSTcR7P9p0G0xE8w,https://www.google.com/maps/place/?q=place_id:ChIJa777k9YnSTcR7P9p0G0xE8w,part_372,2026-09-20 20:20:32,15254
Monika Ice Cream,Ice Cream Parlour,Ice cream shop,Ice cream shop,796186,North Eastern Circle,North Eastern Region,Mizoram Division,"Thenzawl S.O, Chhipphir B.O, Kanghmun 'S' B.O",+91 76980 44001,http://www.monikaicecream.com/,3.8,,"Daman Rd, Chala, Vapi, Gujarat 396191",Chala,20.3901504,72.89631949999999,ChIJEfJBrifQ4DsRQ-OvpaYDWZQ,https://www.google.com/maps/place/?q=place_id:ChIJEfJBrifQ4DsRQ-OvpaYDWZQ,part_372,2026-09-20 20:20:32,15255
Sweet Heart,Ice Cream Parlour,Ice cream shop,Ice cream shop,796186,North Eastern Circle,North Eastern Region,Mizoram Division,"Thenzawl S.O, Chhipphir B.O, Kanghmun 'S' B.O",+91 91238 49782,N/A,4.4,1107.0,"GT Rd, Bagbazar, Sukhsanatantala, Chandannagar, West Bengal 712136","Bagbazar, Sukhsanatantala",22.8589001,88.366215,ChIJw4bG9QaR-DkRSvCWLRzh9qs,https://www.google.com/maps/place/?q=place_id:ChIJw4bG9QaR-DkRSvCWLRzh9qs,part_372,2026-09-20 20:20:32,15256
DNS Desserts N’ Shakes Vapi,Ice Cream Parlour,Ice cream shop,Ice cream shop,796186,North Eastern Circle,North Eastern Region,Mizoram Division,"Thenzawl S.O, Chhipphir B.O, Kanghmun 'S' B.O",+91 98589 85198,http://www.dessertsnshakes.com/,4.2,150.0,"NAKSHATRA PLAZA,GOKUL VIHAR TOWNSHIP NH NO 8, Housing Sector, Balitha, Vapi, Gujarat 396191","Housing Sector, Balitha",20.3824997,72.9140637,ChIJJ6yZRzLP4DsRNRqXJuQ80Y0,https://www.google.com/maps/place/?q=place_id:ChIJJ6yZRzLP4DsRNRqXJuQ80Y0,part_372,2026-09-20 20:20:32,15257
Shankar icecream,Ice Cream Parlour,Ice cream shop,Ice cream shop,796186,North Eastern Circle,North Eastern Region,Mizoram Division,"Thenzawl S.O, Chhipphir B.O, Kanghmun 'S' B.O",+91 76689 50688,N/A,4.8,14.0,"Jail Rd, Kashipur, Uttarakhand 244713",796186,29.211513,78.9610235,ChIJ5Wn6zOBDCjkRMVWh6DaXtR4,https://www.google.com/maps/place/?q=place_id:ChIJ5Wn6zOBDCjkRMVWh6DaXtR4,part_372,2026-09-20 20:20:33,15258
Gupta Ji Ice Cream & Bakers,Ice Cream Parlour,Ice cream shop,"Ice cream shop, Bakery and Cake Shop",796186,North Eastern Circle,North Eastern Region,Mizoram Division,"Thenzawl S.O, Chhipphir B.O, Kanghmun 'S' B.O",+91 80739 74876,N/A,4.1,111.0,"Chhibramau - Vishungarh - Ramnager Rd, Chhibramau, Sarai Gujarm, Uttar Pradesh 209721",796186,27.150780299999997,79.49352429999999,ChIJkWFWZZ8YnjkRcWo55gM_npE,https://www.google.com/maps/place/?q=place_id:ChIJkWFWZZ8YnjkRcWo55gM_npE,part_372,2026-09-20 20:20:33,15259
Vennela Ice Creams and Events,Ice Cream Parlour,Ice cream shop,Ice cream shop,796186,North Eastern Circle,North Eastern Region,Mizoram Division,"Thenzawl S.O, Chhipphir B.O, Kanghmun 'S' B.O",N/A,N/A,,,"Door No (2 B, Durbar Rd, beside Big C Showroom, Muntha vari Centre, Chirala, Andhra Pradesh 523155",Muntha vari Centre,15.824965899999999,80.35281739999999,ChIJ52JSYj1ESjoRRZ90t1K6aE8,https://www.google.com/maps/place/?q=place_id:ChIJ52JSYj1ESjoRRZ90t1K6aE8,part_372,2026-09-20 20:20:33,15260
Inspire Distributors,Ice Cream Parlour,Ice cream shop,"Ice cream shop, Frozen food store, Milk delivery service, Mineral supplier, Mineral water wholesaler, Soft drinks shop, Wholesaler",796186,North Eastern Circle,North Eastern Region,Mizoram Division,"Thenzawl S.O, Chhipphir B.O, Kanghmun 'S' B.O",+91 85901 17723,https://www.freshlyfrozen.in/,4.8,,"Tc - 27/800, THANIMA BUILDINGS, 83/325, Vayanasala Keshava Pillai Rd, behind OLD, Near Passport Office, Kaithamukku, Thiruvananthapuram, Keralam 695024","Near Passport Office, Kaithamukku",8.4891572,76.9378777,ChIJccGM6Ge7BTsRSjm-yJNlPe4,https://www.google.com/maps/place/?q=place_id:ChIJccGM6Ge7BTsRSjm-yJNlPe4,part_372,2026-09-20 20:20:33,15261
Dairy Day Ice Cream- Distributor(AGM TRADERS),Ice Cream Parlour,Ice cream shop,Ice cream shop,796186,North Eastern Circle,North Eastern Region,Mizoram Division,"Thenzawl S.O, Chhipphir B.O, Kanghmun 'S' B.O",+91 96005 18422,N/A,4.9,,"47, F C Rd, Municipal Colony, Thanjavur, Tamil Nadu 613007",796186,10.7635243,79.1213295,ChIJoSiKNVu5qjsRZTN02v7QA5Y,https://www.google.com/maps/place/?q=place_id:ChIJoSiKNVu5qjsRZTN02v7QA5Y,part_372,2026-09-20 20:20:33,15262
Adithya agencies,Ice Cream Parlour,Wholesaler,"Wholesaler, Wholesale Food Store",796186,North Eastern Circle,North Eastern Region,Mizoram Division,"Thenzawl S.O, Chhipphir B.O, Kanghmun 'S' B.O",+91 99955 90800,https://www.adithyaagencies.co.in/,4.9,,"KP-16/870F, Kakkakuzhi, THETTIVILA, Peringammala, Kalliyoor, Keralam 695042","Kakkakuzhi, THETTIVILA, Peringammala",8.4203116,77.0102094,ChIJOa5vgUyvBTsRZVyNmYbSbvM,https://www.google.com/maps/place/?q=place_id:ChIJOa5vgUyvBTsRZVyNmYbSbvM,part_372,2026-09-20 20:20:33,15263
Falcon Ice Creams,Ice Cream Parlour,Ice cream shop,Ice cream shop,796186,North Eastern Circle,North Eastern Region,Mizoram Division,"Thenzawl S.O, Chhipphir B.O, Kanghmun 'S' B.O",+91 70259 91170,https://falconicecream.com/,4.5,,"NJARAYILKONAM P.O, MADAVOOR, THIRUVANANTHAPURAM, Keralam 695602",796186,8.8006733,76.80982379999999,ChIJS4glTJPnBTsRV9Sgn4V1-Hg,https://www.google.com/maps/place/?q=place_id:ChIJS4glTJPnBTsRV9Sgn4V1-Hg,part_372,2026-09-20 20:20:33,15264
Fruit 'N' Ice kazhakuttom,Ice Cream Parlour,Ice cream shop,"Ice cream shop, Wholesale Food Store",796186,North Eastern Circle,North Eastern Region,Mizoram Division,"Thenzawl S.O, Chhipphir B.O, Kanghmun 'S' B.O",+91 85471 15981,N/A,4.0,,"Service Rd, Technopark Rd, Thiruvananthapuram, Keralam 695583",Technopark Campus,8.5550204,76.8768186,ChIJAfsbBU-_BTsRYAhZ8JIShEw,https://www.google.com/maps/place/?q=place_id:ChIJAfsbBU-_BTsRYAhZ8JIShEw,part_372,2026-09-20 20:20:33,15265
Baskin Robbins,Ice Cream Parlour,Ice cream shop,"Ice cream shop, Dessert shop",796190,North Eastern Circle,North Eastern Region,Mizoram Division,"Aibawk S.O, Hmuifang B.O, Lamchhip B.O",+91 81310 05944,https://baskinrobbinsindia.com/pages/store-locator?utm_source=gmb&utm_medium=search&utm_campaign=storefootfall,4.3,452.0,"canteen square, S-27, Thanga Street, Dawrpui, Aizawl, Mizoram 796001",Dawrpui,23.7290885,92.717243,ChIJSQt06reUTTcRUwiDRcdbTm0,https://www.google.com/maps/place/?q=place_id:ChIJSQt06reUTTcRUwiDRcdbTm0,part_372,2026-09-20 20:21:14,19161
BARFI - The Mocktail and Ice Cream Parlour,Ice Cream Parlour,Ice cream shop,Ice cream shop,796190,North Eastern Circle,North Eastern Region,Mizoram Division,"Aibawk S.O, Hmuifang B.O, Lamchhip B.O",+91 81004 69908,https://www.barfionline.com/,4.9,139.0,"187, B B D Road, Hindmotor, Bhadrakali, West Bengal 712232","Deshbandhu Nagar, Bhadrakali",22.6841163,88.34690309999999,ChIJsQ6pneCd-DkRU-pXTp5j7UY,https://www.google.com/maps/place/?q=place_id:ChIJsQ6pneCd-DkRU-pXTp5j7UY,part_372,2026-09-20 20:21:14,19162
Baskin Robbins,Ice Cream Parlour,Ice cream shop,"Ice cream shop, Dessert shop",796190,North Eastern Circle,North Eastern Region,Mizoram Division,"Aibawk S.O, Hmuifang B.O, Lamchhip B.O",+91 60055 64176,https://baskinrobbinsindia.com/pages/store-locator?utm_source=gmb&utm_medium=search&utm_campaign=storefootfall,4.2,27.0,"Ward No 52, Channi Kamala, Next To Belgian Waffles, Khata No 36 Min,Khewat No 1, Khasra No 131 Min, Tehsil Bahu, Jammu, Jammu and Kashmir 180006",Channi Himat,32.6829769,74.8884975,ChIJy24ixAGdHjkRam0Lk1U489Q,https://www.google.com/maps/place/?q=place_id:ChIJy24ixAGdHjkRam0Lk1U489Q,part_372,2026-09-20 20:21:14,19163
Famous ice cream,Ice Cream Parlour,Store,Store,796190,North Eastern Circle,North Eastern Region,Mizoram Division,"Aibawk S.O, Hmuifang B.O, Lamchhip B.O",+91 98856 48956,N/A,4.1,19203.0,"MJ market, Nampally Station Rd, inside clock tower, Chandra Vihar, Old Kattal Mandi, Abids, Hyderabad, Telangana 500001","Chandra Vihar, Old Kattal Mandi, Abids",17.384355499999998,78.4748868,ChIJ____P32XyzsRr9xZqE9F7RU,https://www.google.com/maps/place/?q=place_id:ChIJ____P32XyzsRr9xZqE9F7RU,part_372,2026-09-20 20:21:15,19164
Naturals Ice Cream,Ice Cream Parlour,Ice cream shop,"Ice cream shop, Dessert restaurant, Dessert shop, Frozen dessert supplier",796190,North Eastern Circle,North Eastern Region,Mizoram Division,"Aibawk S.O, Hmuifang B.O, Lamchhip B.O",+91 63094 77451,https://naturalicecreams.in/,4.6,16780.0,"Ashoka Bhopal Chambers, No.G2 J.P.Tower, 169, Sardar Patel Rd, Begumpet, Secunderabad, Telangana 500003","Sindhi Colony, Begumpet",17.4432304,78.4805094,ChIJEQWQPwmayzsRMUadP1ajPHU,https://www.google.com/maps/place/?q=place_id:ChIJEQWQPwmayzsRMUadP1ajPHU,part_372,2026-09-20 20:21:15,19165
MOM's BAKERY AND COOLBAR,Ice Cream Parlour,Ice cream shop,"Ice cream shop, Bakery and Cake Shop, Chocolate shop, Coffee shop, Tea store, Wholesale bakery",796190,North Eastern Circle,North Eastern Region,Mizoram Division,"Aibawk S.O, Hmuifang B.O, Lamchhip B.O",+91 75589 38280,N/A,4.9,36.0,"Grama Panchayath, opp. Udma, Palakkunnu, Bekal, Pallikkara II, Keralam 671318",Palakkunnu,12.4273487,75.0232041,ChIJCUpi-BCBpDsRDzBxCveW_78,https://www.google.com/maps/place/?q=place_id:ChIJCUpi-BCBpDsRDzBxCveW_78,part_372,2026-09-20 20:21:15,19166
Naturals Ice Cream,Ice Cream Parlour,Ice cream shop,"Ice cream shop, Dessert restaurant, Dessert shop, Frozen dessert supplier",796190,North Eastern Circle,North Eastern Region,Mizoram Division,"Aibawk S.O, Hmuifang B.O, Lamchhip B.O",+91 91122 22569,https://naturalicecreams.in/,4.4,4230.0,"Shop No 3, Motiwala Plaza, College Rd, opp. Carnival Restaurant Bhonsala, Nashik, Maharashtra 422005",D'souza Colony,20.0093344,73.7557289,ChIJVyG2M4Tr3TsRqTru_xBwmEI,https://www.google.com/maps/place/?q=place_id:ChIJVyG2M4Tr3TsRqTru_xBwmEI,part_372,2026-09-20 20:21:15,19167
APPOOS COOL BAR,Ice Cream Parlour,Ice cream shop,Ice cream shop,796190,North Eastern Circle,North Eastern Region,Mizoram Division,"Aibawk S.O, Hmuifang B.O, Lamchhip B.O",+91 95440 57430,N/A,4.8,16.0,"Kanhirathinkal, Bedadka, Keralam 671541",Kanhirathinkal,12.4605493,75.1679668,ChIJsw_sbIeJpDsRK0fKvNnAUVc,https://www.google.com/maps/place/?q=place_id:ChIJsw_sbIeJpDsRK0fKvNnAUVc,part_372,2026-09-20 20:21:15,19168
Havmor Havfunn - Anna Nagar,Ice Cream Parlour,Ice cream shop,Ice cream shop,796190,North Eastern Circle,North Eastern Region,Mizoram Division,"Aibawk S.O, Hmuifang B.O, Lamchhip B.O",+91 72000 88111,https://www.havmor.com/,4.3,1602.0,"AH -12, 4th Ave, Anna Nagar, Chennai, Tamil Nadu 600040","AH Block, Anna Nagar",13.082173099999999,80.2147051,ChIJG73o7xBlUjoRP329_2J5hgU,https://www.google.com/maps/place/?q=place_id:ChIJG73o7xBlUjoRP329_2J5hgU,part_372,2026-09-20 20:21:15,19169
Rajwadi Dish Gola,Ice Cream Parlour,Ice cream shop,Ice cream shop,796190,North Eastern Circle,North Eastern Region,Mizoram Division,"Aibawk S.O, Hmuifang B.O, Lamchhip B.O",+91 98245 45657,N/A,4.3,647.0,"Shankar Tekri, Jamnagar, Gujarat 361006",Shankar Tekri,22.462618799999998,70.06776119999999,ChIJ7Y2EqbhqVzkRL_SEKjGXFIY,https://www.google.com/maps/place/?q=place_id:ChIJ7Y2EqbhqVzkRL_SEKjGXFIY,part_372,2026-09-20 20:21:15,19170
Feraro,Ice Cream Parlour,Ice cream shop,"Ice cream shop, Bakery and Cake Shop, Cake shop, Dessert shop",796190,North Eastern Circle,North Eastern Region,Mizoram Division,"Aibawk S.O, Hmuifang B.O, Lamchhip B.O",+91 98516 17617,N/A,4.0,162.0,"NH Uppala, Uppala, Keralam 671322",796190,12.6749238,74.9086992,ChIJXwyi97phozsR44mvT-6tqHw,https://www.google.com/maps/place/?q=place_id:ChIJXwyi97phozsR44mvT-6tqHw,part_372,2026-09-20 20:21:15,19171
Ghamandi Lassi,Ice Cream Parlour,Ice cream shop,"Ice cream shop, Beverage Store, Fruit parlor, Indian restaurant, Soft drinks shop, Vegetarian restaurant",796190,North Eastern Circle,North Eastern Region,Mizoram Division,"Aibawk S.O, Hmuifang B.O, Lamchhip B.O",+91 88898 24466,N/A,3.9,345.0,"Sarvate Bus Stand 47,48,49 Sarwate Bus Stand Chhoti Gwaltoli Resham wala compound, Indore, Madhya Pradesh 452001",Chhoti Gwaltoli,22.714270499999998,75.86868559999999,ChIJbyeykhD9YjkRP_4sl2jfTik,https://www.google.com/maps/place/?q=place_id:ChIJbyeykhD9YjkRP_4sl2jfTik,part_372,2026-09-20 20:21:15,19172
BOLS Ice cream,Ice Cream Parlour,Ice cream shop,Ice cream shop,796230,North Eastern Circle,North Eastern Region,Mizoram Division,Sialsuk S.O,+91 96380 24028,N/A,4.9,,"Tirumala Society A-6, near GIL colony, opp. Tapasvi Apartment, GIDC, Ankleshwar, Gujarat 393002","G.I.D.C, GIDC, Timber Market, Ankleshwar GIDC",21.6043006,73.0254655,ChIJXRDYJwAj4DsRRQ_UWrrAUoQ,https://www.google.com/maps/place/?q=place_id:ChIJXRDYJwAj4DsRRQ_UWrrAUoQ,part_372,2026-09-20 20:21:56,22948
Naturals Ice Cream,Ice Cream Parlour,Ice cream shop,"Ice cream shop, Sweet shop, Dessert restaurant, Dessert shop, Frozen dessert supplier",796230,North Eastern Circle,North Eastern Region,Mizoram Division,Sialsuk S.O,+91 83106 87913,https://naturalicecreams.in/,4.5,,"401, 5th Main Rd, near SBI Bank, HRBR Layout 2nd Block, HRBR Layout, Kalyan Nagar, Bengaluru, Karnataka 560043","HRBR Layout 2nd Block, HRBR Layout, Kalyan Nagar",13.022181699999999,77.63955709999999,ChIJsUdNsiUXrjsRQst9UvMy-Ws,https://www.google.com/maps/place/?q=place_id:ChIJsUdNsiUXrjsRQst9UvMy-Ws,part_372,2026-09-20 20:21:56,22949
Standard Icecream Factory,Ice Cream Parlour,Ice cream shop,Ice cream shop,796230,North Eastern Circle,North Eastern Region,Mizoram Division,Sialsuk S.O,+91 88813 01111,N/A,4.3,,"Prem Nagar, Dehradun, Uttarakhand 248007",Prem Nagar,30.334207199999998,77.956426,ChIJx9KW1p0qCTkR-tScfld0EAk,https://www.google.com/maps/place/?q=place_id:ChIJx9KW1p0qCTkR-tScfld0EAk,part_372,2026-09-20 20:21:56,22950
Polar Bear Ice Cream Sundaes - Yemalur,Ice Cream Parlour,Ice cream shop,"Ice cream shop, Sweet shop, Confectionery store, Sweets and dessert buffet, Frozen yogurt shop",796230,North Eastern Circle,North Eastern Region,Mizoram Division,Sialsuk S.O,+91 90360 36439,https://www.polarbear.co.in/,4.8,,"Kempapura Main Rd, Kempapura, Bellandur, Bengaluru, Karnataka 560037","Kempapura, Bellandur",12.9460695,77.6744715,ChIJO5tJRdsTrjsRvlrm0LR0FOc,https://www.google.com/maps/place/?q=place_id:ChIJO5tJRdsTrjsRvlrm0LR0FOc,part_372,2026-09-20 20:21:56,22951
Shri Satya Vijay Patel Ice Cream,Ice Cream Parlour,Ice cream shop,Ice cream shop,796230,North Eastern Circle,North Eastern Region,Mizoram Division,Sialsuk S.O,+91 99048 40600,https://shrisatyavijayicec.wixsite.com/shrisatyavijay,4.3,,"Cresant complex, Nr A G OFFICE, Race Course Rd, Jagnath Plot, Rajkot, Gujarat 360001",Jagnath Plot,22.2979864,70.7896481,ChIJp2CjZV3LWTkRYboVamlvEfA,https://www.google.com/maps/place/?q=place_id:ChIJp2CjZV3LWTkRYboVamlvEfA,part_372,2026-09-20 20:21:56,22952
Ovrmelt,Ice Cream Parlour,Ice cream shop,Ice cream shop,796230,North Eastern Circle,North Eastern Region,Mizoram Division,Sialsuk S.O,+91 80878 88054,http://www.ovrmelt.com/,4.3,,"Birla Rd, 1st gate, Tapadia Nagar, Akola, Maharashtra 444005","1st gate, Tapadia Nagar",20.7192464,77.011755,ChIJi_krpLkv1zsRwH3afUzUpsU,https://www.google.com/maps/place/?q=place_id:ChIJi_krpLkv1zsRwH3afUzUpsU,part_372,2026-09-20 20:21:56,22953
Sapna cold drinks and IceCream parlour,Ice Cream Parlour,Ice cream shop,Ice cream shop,796230,North Eastern Circle,North Eastern Region,Mizoram Division,Sialsuk S.O,+91 99254 29000,https://sapna-cold-drinks.grexa.site/,4.1,,"Old NH No.8 Nr. Asopalav Hotel, GIDC, Ankleshwar GIDC, Ankleshwar, Gujarat 393001","New Colony, GIDC, Ankleshwar GIDC",21.625710599999998,73.00311099999999,ChIJczxQUlgj4DsRSp4wcUdQNR8,https://www.google.com/maps/place/?q=place_id:ChIJczxQUlgj4DsRSp4wcUdQNR8,part_372,2026-09-20 20:21:56,22954
Sprinkle Sundaes,Ice Cream Parlour,Ice cream shop,Ice cream shop,796230,North Eastern Circle,North Eastern Region,Mizoram Division,Sialsuk S.O,+91 63900 09115,N/A,4.1,,"GROUND FLOOR, 4, Ashok Marg, Hazratganj, Lucknow, Uttar Pradesh 226001",Hazratganj,26.848491499999998,80.947175,ChIJGfEKvF_9mzkRsKN5pGgEdUc,https://www.google.com/maps/place/?q=place_id:ChIJGfEKvF_9mzkRsKN5pGgEdUc,part_372,2026-09-20 20:21:56,22955
GMT Icecreams (Gelato Artigianale Italiano),Ice Cream Parlour,Ice cream shop,Ice cream shop,796230,North Eastern Circle,North Eastern Region,Mizoram Division,Sialsuk S.O,N/A,https://www.gmtindiaicecream.com/,4.4,,"62, Goubert Avenue, Beach Rd, opposite Duplex Statue, White Town, Puducherry, 605001",White Town,11.9261161,79.83417279999999,ChIJ60o2QSliUzoRBhZLENjI8Vg,https://www.google.com/maps/place/?q=place_id:ChIJ60o2QSliUzoRBhZLENjI8Vg,part_372,2026-09-20 20:21:56,22956
Cream Stone TTK,Ice Cream Parlour,Ice cream shop,"Ice cream shop, Cafe, Cake shop, Chocolate cafe, Dessert restaurant, Dessert shop, Juice shop, Sundae restaurant",796230,North Eastern Circle,North Eastern Region,Mizoram Division,Sialsuk S.O,+91 73387 39508,http://creamstoneconcepts.com/,4.3,,"253, TTK Rd, opposite Puma, Kasturi Estate, Alwarpet, Chennai, Tamil Nadu 600018","Kasturi Estate, Alwarpet",13.0413473,80.2584124,ChIJT9aNWbRnUjoRfBExe-2pYUY,https://www.google.com/maps/place/?q=place_id:ChIJT9aNWbRnUjoRfBExe-2pYUY,part_372,2026-09-20 20:21:56,22957
Gazal Cool Corner,Ice Cream Parlour,Ice cream shop,Ice cream shop,796230,North Eastern Circle,North Eastern Region,Mizoram Division,Sialsuk S.O,+91 89609 99990,N/A,4.5,,"M-15, Gole Market, Mahanagar, Lucknow, Uttar Pradesh 226006","Gole Market, Mahanagar",26.8744364,80.9578837,ChIJJZ1tvGX9mzkRT4RtHEhTaIw,https://www.google.com/maps/place/?q=place_id:ChIJJZ1tvGX9mzkRT4RtHEhTaIw,part_372,2026-09-20 20:21:56,22958
Ice World,Ice Cream Parlour,Ice cream shop,Ice cream shop,796230,North Eastern Circle,North Eastern Region,Mizoram Division,Sialsuk S.O,+91 98102 55819,N/A,4.1,,"Shop No.15 And 16, Kavi Nagar, Ghaziabad, Uttar Pradesh 201002","Block D, Sector 18, Kavi Nagar",28.670036699999997,77.4498959,ChIJVVVV5TbyDDkRmLMkF_RnRvU,https://www.google.com/maps/place/?q=place_id:ChIJVVVV5TbyDDkRmLMkF_RnRvU,part_372,2026-09-20 20:21:56,22959
Softy wala,Ice Cream Parlour,Ice cream shop,Ice cream shop,796230,North Eastern Circle,North Eastern Region,Mizoram Division,Sialsuk S.O,+91 99537 34589,N/A,4.4,,"B 172, near Mother Dairy, B-Block, Lohia Nagar, Ghaziabad, Uttar Pradesh 201001","B-Block, Lohia Nagar",28.6726557,77.43277379999999,ChIJkdVUnEnxDDkR5Z51Ed6oABc,https://www.google.com/maps/place/?q=place_id:ChIJkdVUnEnxDDkR5Z51Ed6oABc,part_372,2026-09-20 20:21:56,22960
Gazal Cool Corner,Ice Cream Parlour,Ice cream shop,Ice cream shop,796230,North Eastern Circle,North Eastern Region,Mizoram Division,Sialsuk S.O,+91 89603 33330,N/A,4.4,527.0,"RWXV+5WW, Mahatma Gandhi Marg, Hazratganj, Lucknow, Uttar Pradesh 226001",Hazratganj,26.8480347,80.9448972,ChIJZXZ_8uH9mzkRRSd8GQKiZxg,https://www.google.com/maps/place/?q=place_id:ChIJZXZ_8uH9mzkRRSd8GQKiZxg,part_372,2026-09-20 20:21:57,22961
Cafe Ice Magic Mehdipatnam,Ice Cream Parlour,Ice cream shop,"Ice cream shop, Cake shop, Fast food restaurant, Cafe, Juice shop, Pizza restaurant, Sandwich shop",796230,North Eastern Circle,North Eastern Region,Mizoram Division,Sialsuk S.O,+91 90726 86862,https://cafeicemagic.com/,4.8,6790.0,"Murad Nagar, Asif Nagar Rd, Royal Colony, Mehdipatnam, Hyderabad, Telangana 500006","Royal Colony, Mehdipatnam",17.394118499999998,78.4424931,ChIJvxqkNKCXyzsRNYz7m8f0C2w,https://www.google.com/maps/place/?q=place_id:ChIJvxqkNKCXyzsRNYz7m8f0C2w,part_372,2026-09-20 20:21:57,22962
Masqati Ice Cream Parlour,Ice Cream Parlour,Ice cream shop,Ice cream shop,796230,North Eastern Circle,North Eastern Region,Mizoram Division,Sialsuk S.O,+91 85007 74000,N/A,4.1,1143.0,"No 8-1-523, S, 302/3, Brindavan Colony Rd, Toli Chowki, Hyderabad, Telangana 500008","Sabza Colony, Brindavan Colony, Toli Chowki",17.4038744,78.40859789999999,ChIJvztVi-OWyzsR2y8HUEDDlqU,https://www.google.com/maps/place/?q=place_id:ChIJvztVi-OWyzsR2y8HUEDDlqU,part_372,2026-09-20 20:21:57,22963
Creamy Inn,Ice Cream Parlour,Ice cream shop,Ice cream shop,796230,North Eastern Circle,North Eastern Region,Mizoram Division,Sialsuk S.O,+91 44 2622 0080,N/A,4.1,1787.0,"AC-139, 4th Ave, AC Block, Anna Nagar, Chennai, Tamil Nadu 600040","AC Block, Anna Nagar",13.082552999999999,80.2122787,ChIJo8OGUyBkUjoRI5YwM7n9RUA,https://www.google.com/maps/place/?q=place_id:ChIJo8OGUyBkUjoRI5YwM7n9RUA,part_372,2026-09-20 20:21:57,22964
Creamy-Inn,Ice Cream Parlour,Ice cream shop,Ice cream shop,796230,North Eastern Circle,North Eastern Region,Mizoram Division,Sialsuk S.O,+91 44 2615 0080,http://www.creamyinn.com/,3.9,522.0,"W. 392, School Rd, W Block, Anna Nagar West Extension, Chennai, Tamil Nadu 600101","W Block, Anna Nagar West Extension",13.0932377,80.1960564,ChIJZ_XEQchlBRERX5g1N6s4nAs,https://www.google.com/maps/place/?q=place_id:ChIJZ_XEQchlBRERX5g1N6s4nAs,part_372,2026-09-20 20:21:57,22965
Nice Juice Centre,Ice Cream Parlour,Ice cream shop,"Ice cream shop, Dessert shop, Fast food restaurant, Juice shop, Meal delivery, Pizza restaurant",796230,North Eastern Circle,North Eastern Region,Mizoram Division,Sialsuk S.O,+91 93460 36222,N/A,4.2,12046.0,"H.No. 9, 4-86/4/3, Yousuf Tekri, Toli Chowki, Hyderabad, Telangana 500008","Yousuf Tekri, Toli Chowki",17.3969894,78.42268399999999,ChIJ3Xz-6eaWyzsR9T3Bmzwwnd4,https://www.google.com/maps/place/?q=place_id:ChIJ3Xz-6eaWyzsR9T3Bmzwwnd4,part_372,2026-09-20 20:21:57,22966
Fancy Ice Cream,Ice Cream Parlour,Restaurant,Restaurant,796230,North Eastern Circle,North Eastern Region,Mizoram Division,Sialsuk S.O,+91 99495 83785,http://www.fancyicecream.com/,4.0,529.0,"10-3-291, 1/L, Vijay Nagar Colony Rd, Vijaynagar Colony, Venkatadri Colony, Humayun Nagar, Hyderabad, Telangana 500057","Vijaynagar Colony, Venkatadri Colony, Humayun Nagar",17.393365,78.449421,ChIJZYn0VhKXyzsRuZK2p3o8v9I,https://www.google.com/maps/place/?q=place_id:ChIJZYn0VhKXyzsRuZK2p3o8v9I,part_372,2026-09-20 20:21:57,22967
Rolly ice cream,Ice Cream Parlour,Ice cream shop,Ice cream shop,796230,North Eastern Circle,North Eastern Region,Mizoram Division,Sialsuk S.O,+91 90267 29903,https://rollyicecream.in/,4.1,81.0,"Bulaki Adda, road 347/67, old Tikaitganj, Tikaitganj, Lucknow, Uttar Pradesh 226017",Tikaitganj,26.8454971,80.8954724,ChIJYVSdh3__mzkRYqebBWybJVo,https://www.google.com/maps/place/?q=place_id:ChIJYVSdh3__mzkRYqebBWybJVo,part_372,2026-09-20 20:21:57,22968
AGT Dairy Foods Royal Ice Creams,Ice Cream Parlour,Ice cream shop,Ice cream shop,796230,North Eastern Circle,North Eastern Region,Mizoram Division,Sialsuk S.O,+91 90432 14570,https://tocard.in/royal-ice-creams,4.1,90.0,"56, 1st St, Kamaraj Nagar, Chennai, Avadi, Tamil Nadu 600071",Kamaraj Nagar,13.105508299999999,80.0942589,ChIJObFLFNmJUjoRtXDNx_rzx3E,https://www.google.com/maps/place/?q=place_id:ChIJObFLFNmJUjoRtXDNx_rzx3E,part_372,2026-09-20 20:21:57,22969
ARJUN ICE-CREAMS,Ice Cream Parlour,Ice cream shop,Ice cream shop,796230,North Eastern Circle,North Eastern Region,Mizoram Division,Sialsuk S.O,+91 93417 54445,N/A,,,"No4,Sy No - 125/1 1st main, Lakshmi St, opposite to bharath petrol bunk, Navodaya Nagar, JP Nagar 7th Phase, Bengaluru, Karnataka 560078","Nrupathunga Nagar, Navodaya Nagar, JP Nagar 7th Phase, J. P. Nagar",12.879970799999999,77.5855796,ChIJUYZk5A0VrjsR_H1Ovna1Bq0,https://www.google.com/maps/place/?q=place_id:ChIJUYZk5A0VrjsR_H1Ovna1Bq0,part_372,2026-09-20 20:21:57,22970
Amul Parlour,Ice Cream Parlour,Ice cream shop,Ice cream shop,796230,North Eastern Circle,North Eastern Region,Mizoram Division,Sialsuk S.O,+91 1800 258 3333,N/A,3.4,15.0,"K-278, Sector K, Ashiyana, Lucknow, Uttar Pradesh 226012","Sector K, Ashiyana",26.788463699999998,80.9120987,ChIJDSccNur9mzkRzbfpAf1Lv64,https://www.google.com/maps/place/?q=place_id:ChIJDSccNur9mzkRzbfpAf1Lv64,part_372,2026-09-20 20:21:57,22971
Hminghluna Family,Ice Cream Parlour,Ice cream shop,Ice cream shop,796261,North Eastern Circle,North Eastern Region,Mizoram Division,"Saitual S.O, Aiduzawl B.O, Buhban B.O",N/A,N/A,,,"R684+J2H, Lamzawl, Mizoram 796290",796261,23.816554399999998,93.20512219999999,ChIJs1kuJQA3TDcRcoEtFt5i0Z8,https://www.google.com/maps/place/?q=place_id:ChIJs1kuJQA3TDcRcoEtFt5i0Z8,part_372,2026-09-20 20:22:38,28304
Jal Mahal Ice Cream Cafe,Ice Cream Parlour,Ice cream shop,Ice cream shop,796290,North Eastern Circle,North Eastern Region,Mizoram Division,"Ngopa S.O, Hrianghmun B.O, Kawlbem B.O",+91 89557 16277,https://www.zomato.com/jaipur/jal-mahal-ice-cream-cafe-vaishali-nagar/order,4.5,,"Plot No 274, Opp Crossland Hyundai, Vaishali Marg, Jaipur, Rajasthan 302021","C Block, Gom Defence Colony, Vaishali Nagar",26.9154856,75.7463619,ChIJj1uLE5izbTkRUx8fkk3JAOo,https://www.google.com/maps/place/?q=place_id:ChIJj1uLE5izbTkRUx8fkk3JAOo,part_372,2026-09-20 20:23:18,29876
Ratel Icecream,Ice Cream Parlour,Ice cream shop,Ice cream shop,796290,North Eastern Circle,North Eastern Region,Mizoram Division,"Ngopa S.O, Hrianghmun B.O, Kawlbem B.O",+91 78599 97669,http://www.ratelicecream.com/,4.8,,"GF-64, Orchid Sky, opp. Sky City Road, Khadiya, Shela, Sarkhej-Okaf, Gujarat 380057",Khadiya,23.0050612,72.4675075,ChIJfftDQ26bXjkRs45-SGZtNoM,https://www.google.com/maps/place/?q=place_id:ChIJfftDQ26bXjkRs45-SGZtNoM,part_372,2026-09-20 20:23:18,29877
Rangoli Ice cream South Bopal Ahmedabad,Ice Cream Parlour,Ice cream shop,Ice cream shop,796290,North Eastern Circle,North Eastern Region,Mizoram Division,"Ngopa S.O, Hrianghmun B.O, Kawlbem B.O",+91 95128 31112,https://rangoliicecream.com/,4.7,,"Shop no. 2, Aaradhya complex, Gala Gymkhana Rd Mall, opp. CELEBRATION CITY CENTER, South Bopal, Bopal, Ahmedabad, Gujarat 380058","Chittavan, South Bopal, Bopal",23.023165199999998,72.4715439,ChIJ3-wbP22bXjkRw6rvuWzdrfI,https://www.google.com/maps/place/?q=place_id:ChIJ3-wbP22bXjkRw6rvuWzdrfI,part_372,2026-09-20 20:23:18,29878
Sanskar Ice Cream,Ice Cream Parlour,Restaurant,Restaurant,796290,North Eastern Circle,North Eastern Region,Mizoram Division,"Ngopa S.O, Hrianghmun B.O, Kawlbem B.O",+91 96011 55105,N/A,4.4,,"Vallabh Flat, 103 B 29, s Bapunagar Four Road, Soni ni chali, Bapunagar, Ahmedabad, Gujarat 380024","Soni ni chali, Bapunagar",23.034545599999998,72.6295521,ChIJEQ6NKZCGXjkRrxN9rKFq7xE,https://www.google.com/maps/place/?q=place_id:ChIJEQ6NKZCGXjkRrxN9rKFq7xE,part_372,2026-09-20 20:23:18,29879
Adlabs Food Products,Ice Cream Parlour,Ice cream shop,"Ice cream shop, Manufacturer",796290,North Eastern Circle,North Eastern Region,Mizoram Division,"Ngopa S.O, Hrianghmun B.O, Kawlbem B.O",+91 98459 32734,http://hyperscoop.in/,5.0,,"6, 14th Cross Rd, next to PSS motors, Anepalya, Neelasandra, Bengaluru, Karnataka 560030","Anepalya, Neelasandra",12.9505909,77.60725939999999,ChIJ57eougkVrjsRPRyRTqN8KHM,https://www.google.com/maps/place/?q=place_id:ChIJ57eougkVrjsRPRyRTqN8KHM,part_372,2026-09-20 20:23:19,29880
Oasis Icecream Parlour,Ice Cream Parlour,Ice cream shop,Ice cream shop,796290,North Eastern Circle,North Eastern Region,Mizoram Division,"Ngopa S.O, Hrianghmun B.O, Kawlbem B.O",+91 99461 07105,N/A,4.2,,"GX68+HCQ, Vellayambalam - Sasthamangalam Rd, near KPCC office, Althara Nagar, Vellayambalam, Thiruvananthapuram, Keralam 695010","Althara Nagar, Vellayambalam",8.511453399999999,76.9660943,ChIJ____v8y7BTsRQipUVNIdKYA,https://www.google.com/maps/place/?q=place_id:ChIJ____v8y7BTsRQipUVNIdKYA,part_372,2026-09-20 20:23:19,29881
Sangsang Ice Cream,Ice Cream Parlour,Ice cream shop,Ice cream shop,796310,North Eastern Circle,North Eastern Region,Mizoram Division,"Khawzawl S.O, Chalrang B.O, Chawngtlai B.O",+91 82599 33978,N/A,3.0,1.0,"Vengthlang, Champhai, Mizoram 796321",Vengthlang,23.4772988,93.323635,ChIJaYi_o71bTDcRRgsHXAUqNuw,https://www.google.com/maps/place/?q=place_id:ChIJaYi_o71bTDcRRgsHXAUqNuw,part_372,2026-09-20 20:23:55,32121
VARIAHLEI ICE CREAM PARLOR,Ice Cream Parlour,Ice cream shop,Ice cream shop,796310,North Eastern Circle,North Eastern Region,Mizoram Division,"Khawzawl S.O, Chalrang B.O, Chawngtlai B.O",+91 96121 41560,N/A,5.0,1.0,"near VANLALLAWMA INDOOR STADIUM, Kahrawt, Champhai, Mizoram 796321",Kahrawt,23.4772921,93.3176319,ChIJ015_PatbTDcRqz_p4ya_v04,https://www.google.com/maps/place/?q=place_id:ChIJ015_PatbTDcRqz_p4ya_v04,part_372,2026-09-20 20:23:55,32122
Crush n Bite,Ice Cream Parlour,Juice shop,Juice shop,796310,North Eastern Circle,North Eastern Region,Mizoram Division,"Khawzawl S.O, Chalrang B.O, Chawngtlai B.O",+91 87320 33722,N/A,4.8,6.0,"F8HG+6CC, Vengthlang, Champhai, Mizoram 796321",Vengthlang,23.478074499999998,93.3260062,ChIJOe-XcmlbTDcRidVuFhr1In8,https://www.google.com/maps/place/?q=place_id:ChIJOe-XcmlbTDcRidVuFhr1In8,part_372,2026-09-20 20:23:55,32123
Nancy Ice Cream,Ice Cream Parlour,Bakery and Cake Shop,Bakery and Cake Shop,796310,North Eastern Circle,North Eastern Region,Mizoram Division,"Khawzawl S.O, Chalrang B.O, Chawngtlai B.O",+91 87940 92958,N/A,,,"Zokhawthar, Mizoram 796321",796310,23.36835,93.3802599,ChIJaw3M7vxfTDcRTliskcQwr6c,https://www.google.com/maps/place/?q=place_id:ChIJaw3M7vxfTDcRTliskcQwr6c,part_372,2026-09-20 20:23:55,32124
Laxmi Ice Cream,Ice Cream Parlour,Ice cream shop,"Ice cream shop, Caterer, Supplier, Frozen dessert supplier, Manufacturer, Restaurant supply store",796310,North Eastern Circle,North Eastern Region,Mizoram Division,"Khawzawl S.O, Chalrang B.O, Chawngtlai B.O",+91 96000 33668,http://www.laxmiicecream.in/,4.4,62.0,"28/36 , Chakkarai Chetty Street, near Amman Kovil Street, Kondithope, Chennai, Tamil Nadu 600001","Kondithope, George Town",13.1004402,80.2762135,ChIJw2t18fVlUjoRgx5SDxbfALQ,https://www.google.com/maps/place/?q=place_id:ChIJw2t18fVlUjoRgx5SDxbfALQ,part_372,2026-09-20 20:23:56,32125
Jamaai Ice Cream - Factory Outlet,Ice Cream Parlour,Ice cream shop,"Ice cream shop, Manufacturer",796310,North Eastern Circle,North Eastern Region,Mizoram Division,"Khawzawl S.O, Chalrang B.O, Chawngtlai B.O",N/A,N/A,3.9,203.0,"No 90, Wallajah Road, Dt, Salamangalam, Tamil Nadu 601301",796310,12.883526999999999,80.0098213,ChIJQbBgVlPxUjoR7IvnTvrKTgk,https://www.google.com/maps/place/?q=place_id:ChIJQbBgVlPxUjoR7IvnTvrKTgk,part_372,2026-09-20 20:23:56,32126
"Arun ice creams (HAP Daily), Amravati",Ice Cream Parlour,Ice cream shop,"Ice cream shop, Bakery and Cake Shop, Cake shop, Dessert shop, Takeout restaurant, Wholesaler",796310,North Eastern Circle,North Eastern Region,Mizoram Division,"Khawzawl S.O, Chalrang B.O, Chawngtlai B.O",+91 95185 10044,https://arunicecreamsamravati.ekadantaenterprises.in/,4.7,91.0,"Shop No. 2&3, Zambani Commercial, Balaji Nagar, near Shankar Nagar, Gopal Nagar, Amravati, Maharashtra 444606",Gopal Nagar,20.9120742,77.7590604,ChIJpeTXOTWl1jsRPa81b1jnFrk,https://www.google.com/maps/place/?q=place_id:ChIJpeTXOTWl1jsRPa81b1jnFrk,part_372,2026-09-20 20:23:56,32127
Kwality Wall's Ice Cream Parlour,Ice Cream Parlour,Ice cream shop,Ice cream shop,796320,North Eastern Circle,North Eastern Region,Mizoram Division,"S.Khawbung S.O, Bungzung B.O, Dungtlang B.O",N/A,N/A,5.0,,"Garh Bhawanipur, Banstala mor, West Bengal 711412",796320,22.6509295,87.96956449999999,ChIJlY0KRm53-DkRkUMnl9mW2IM,https://www.google.com/maps/place/?q=place_id:ChIJlY0KRm53-DkRkUMnl9mW2IM,part_372,2026-09-20 20:24:32,34043
Bonnhi ice cream parlour,Ice Cream Parlour,Restaurant,Restaurant,796320,North Eastern Circle,North Eastern Region,Mizoram Division,"S.Khawbung S.O, Bungzung B.O, Dungtlang B.O",N/A,N/A,3.5,,"Chhayabani Cinema, PC Sen Rd, near Ladies Corner, building, Arambag, West Bengal 712601",building,22.882053799999998,87.78401869999999,ChIJWWr_CNkT-DkRINRl9WPj1Tg,https://www.google.com/maps/place/?q=place_id:ChIJWWr_CNkT-DkRINRl9WPj1Tg,part_372,2026-09-20 20:24:32,34044
Lassi Ghar Purnea,Ice Cream Parlour,Ice cream shop,Ice cream shop,796320,North Eastern Circle,North Eastern Region,Mizoram Division,"S.Khawbung S.O, Bungzung B.O, Dungtlang B.O",+91 98010 63406,N/A,4.3,,"Urdu Middle School Chowk, near Chaashni, Purnia, Bihar 854301",Navratan Hatta,25.773421499999998,87.4835981,ChIJm8VeZy357zkRlLTaoJjy5Y0,https://www.google.com/maps/place/?q=place_id:ChIJm8VeZy357zkRlLTaoJjy5Y0,part_372,2026-09-20 20:24:32,34045
The Village Raja Rose Milk,Ice Cream Parlour,Ice cream shop,Ice cream shop,796320,North Eastern Circle,North Eastern Region,Mizoram Division,"S.Khawbung S.O, Bungzung B.O, Dungtlang B.O",N/A,N/A,4.3,,"337, Pambatti Street, Keelavasal, Maharnonbu Chavadi, Thanjavur, Tamil Nadu 613001","Keelavasal, Maharnonbu Chavadi",10.7855551,79.1430651,ChIJfSHPPAC5qjsRznRRUs49PSA,https://www.google.com/maps/place/?q=place_id:ChIJfSHPPAC5qjsRznRRUs49PSA,part_372,2026-09-20 20:24:32,34046
Paul's Creamery,Ice Cream Parlour,Ice cream shop,"Ice cream shop, Cafe, Coffee shop, Dessert shop, Pastry shop, Sundae restaurant",796320,North Eastern Circle,North Eastern Region,Mizoram Division,"S.Khawbung S.O, Bungzung B.O, Dungtlang B.O",+91 75949 21545,http://www.paulscreamery.com/,4.5,,"Ushasandya, PMG TTC Rd, next to ICICI bank, Kowdiar, Thiruvananthapuram, Keralam 695003","Pandits Colony Extension, Kowdiar",8.519385399999999,76.9599744,ChIJ2zO56tO7BTsRyDBivVYTbb4,https://www.google.com/maps/place/?q=place_id:ChIJ2zO56tO7BTsRyDBivVYTbb4,part_372,2026-09-20 20:24:32,34047
Milano Ice Cream,Ice Cream Parlour,Ice cream shop,"Ice cream shop, Cake shop",796320,North Eastern Circle,North Eastern Region,Mizoram Division,"S.Khawbung S.O, Bungzung B.O, Dungtlang B.O",+91 484 450 6200,N/A,4.5,,"Mahatma Gandhi Rd, Ravipuram, Perumanoor, Ernakulam, Keralam 682016","Ravipuram, Perumanoor",9.9618295,76.2886645,ChIJuWAH97lyCDsRIf-RG6MMFLQ,https://www.google.com/maps/place/?q=place_id:ChIJuWAH97lyCDsRIf-RG6MMFLQ,part_372,2026-09-20 20:24:32,34048
Michael & Sons,Ice Cream Parlour,Ice cream shop,Ice cream shop,796320,North Eastern Circle,North Eastern Region,Mizoram Division,"S.Khawbung S.O, Bungzung B.O, Dungtlang B.O",+91 431 270 6501,N/A,4.5,,"Tiruchirappalli Town Hall Post office, 197, near Teppakulam, Tharanallur, Tiruchirappalli, Tamil Nadu 620002",Tharanallur,10.8262739,78.693106,ChIJQb8fmK_1qjsRMQifhksc7KE,https://www.google.com/maps/place/?q=place_id:ChIJQb8fmK_1qjsRMQifhksc7KE,part_372,2026-09-20 20:24:32,34049
Naturals Ice Cream,Ice Cream Parlour,Ice cream shop,"Ice cream shop, Sweet shop, Dessert restaurant, Dessert shop, Frozen dessert supplier",796320,North Eastern Circle,North Eastern Region,Mizoram Division,"S.Khawbung S.O, Bungzung B.O, Dungtlang B.O",+91 81295 08999,https://naturalicecreams.in/,4.5,,"39/1592, A3, Ground Floor, Laxman Chambers, Sahodaran Ayyappan Rd, Near South Over Bridge, Pallimukku, Kochi, Keralam 682035","Near South Over Bridge, Pallimukku",9.965043399999999,76.2897091,ChIJachJIrdyCDsRqkSmfznvrM4,https://www.google.com/maps/place/?q=place_id:ChIJachJIrdyCDsRqkSmfznvrM4,part_372,2026-09-20 20:24:32,34050
Natural Ice Cream Parlour,Ice Cream Parlour,Ice cream shop,Ice cream shop,796320,North Eastern Circle,North Eastern Region,Mizoram Division,"S.Khawbung S.O, Bungzung B.O, Dungtlang B.O",N/A,N/A,4.8,,"HVGH+FW3, Secretariat Hills, Shillong, Meghalaya 793001",Secretariat Hills,25.5761476,91.8797926,ChIJwboMmo1-UDcR-uV1xAKaVhg,https://www.google.com/maps/place/?q=place_id:ChIJwboMmo1-UDcR-uV1xAKaVhg,part_372,2026-09-20 20:24:32,34051
Falooda Nation Trivandrum,Ice Cream Parlour,Ice cream shop,Ice cream shop,796320,North Eastern Circle,North Eastern Region,Mizoram Division,"S.Khawbung S.O, Bungzung B.O, Dungtlang B.O",+91 88917 84677,https://www.faloodanation.com/,4.4,698.0,"GXF2+6XC, Pattom - Kowdiar Rd, Vickramapuram, Kuravankonam, Thiruvananthapuram, Keralam 695003","Vickramapuram, Kuravankonam",8.5230863,76.9524249,ChIJOXfTjPK7BTsR0-4PdtPlLKE,https://www.google.com/maps/place/?q=place_id:ChIJOXfTjPK7BTsR0-4PdtPlLKE,part_372,2026-09-20 20:24:33,34052
AMUL ICE CREAM PARLOUR,Ice Cream Parlour,Ice cream shop,Ice cream shop,796320,North Eastern Circle,North Eastern Region,Mizoram Division,"S.Khawbung S.O, Bungzung B.O, Dungtlang B.O",+91 96779 90325,N/A,4.6,66.0,"16, Medical College Rd, Co-operative Colony, Thanjavur, Tamil Nadu 613007",Co-operative Colony,10.7725636,79.11834069999999,ChIJG_g2ZQC5qjsRCQeupPjD-H4,https://www.google.com/maps/place/?q=place_id:ChIJG_g2ZQC5qjsRCQeupPjD-H4,part_372,2026-09-20 20:24:33,34053
LEBANON ICECREAMS,Ice Cream Parlour,Ice cream shop,Ice cream shop,796320,North Eastern Circle,North Eastern Region,Mizoram Division,"S.Khawbung S.O, Bungzung B.O, Dungtlang B.O",+91 70101 20510,https://lebanonicecream.wixsite.com/lebanon,4.0,30.0,"72-C, Abraham Pandither Rd, Attar Mohalla, Thanjavur, Tamil Nadu 613001",Attar Mohalla,10.7850827,79.1402773,ChIJ7f9vul64qjsRMHDcLEl9up4,https://www.google.com/maps/place/?q=place_id:ChIJ7f9vul64qjsRMHDcLEl9up4,part_372,2026-09-20 20:24:33,34054
Universal Foods Creamy Delight Ice Creams,Ice Cream Parlour,Ice cream shop,"Ice cream shop, Restaurant, Wholesaler",796320,North Eastern Circle,North Eastern Region,Mizoram Division,"S.Khawbung S.O, Bungzung B.O, Dungtlang B.O",+91 99949 59068,http://www.creamydelighticecreams.in/,5.0,21.0,"132, Kurinji Nagar Extension, Mudichur, Tamil Nadu 600063",Kurinji Nagar Extension,12.9152986,80.078734,ChIJwcKXGuv1UjoRv25eCzbdTRs,https://www.google.com/maps/place/?q=place_id:ChIJwcKXGuv1UjoRv25eCzbdTRs,part_372,2026-09-20 20:24:33,34055
H.S. Dairy Products,Ice Cream Parlour,Ice cream shop,"Ice cream shop, Dairy store, Juice shop",796320,North Eastern Circle,North Eastern Region,Mizoram Division,"S.Khawbung S.O, Bungzung B.O, Dungtlang B.O",+91 81466 05625,N/A,4.6,5.0,"WVH4+GCR, Shivpuri Rd, Tutian Wala Mandir, Jain Nagar, Shivpuri, Ludhiana, Punjab 141008","Tutian Wala Mandir, Jain Nagar, Shivpuri",30.928855199999997,75.8560244,ChIJKa8s3HiDGjkRo2hinMl_go0,https://www.google.com/maps/place/?q=place_id:ChIJKa8s3HiDGjkRo2hinMl_go0,part_372,2026-09-20 20:24:33,34056
FLAVOR OASIS KOTHI ICE CREAM,Ice Cream Parlour,Ice cream shop,Ice cream shop,796321,North Eastern Circle,North Eastern Region,Mizoram Division,"Champhai S.O, Dilkawn B.O, Bethel B.O",N/A,N/A,4.3,,"M47W+2XG, Bargachia, West Bengal 711404",796321,22.6625657,88.1474504,ChIJB04hWwB_-DkRH-x2xjsvTNc,https://www.google.com/maps/place/?q=place_id:ChIJB04hWwB_-DkRH-x2xjsvTNc,part_372,2026-09-20 20:25:10,36265
Shuddham Icecream Parlour,Ice Cream Parlour,Ice cream shop,Ice cream shop,796370,North Eastern Circle,North Eastern Region,Mizoram Division,"Lungdar S.O, Biate B.O, Leng B.O",+91 94251 03492,N/A,4.3,,"82VH+PQ5, Kasturba Nagar, Ratlam, Madhya Pradesh 457001",Kasturba Nagar,23.3442485,75.0294095,ChIJsTCvAAD_YzkRYpAjU54gADI,https://www.google.com/maps/place/?q=place_id:ChIJsTCvAAD_YzkRYpAjU54gADI,part_372,2026-09-20 20:25:44,37377
Sayan ice cream,Ice Cream Parlour,Ice Cream Parlour,Ice Cream Parlour,796370,North Eastern Circle,North Eastern Region,Mizoram Division,"Lungdar S.O, Biate B.O, Leng B.O",N/A,N/A,5.0,,"J567+H6H Doctor Goutamlal, Adok Lane, Deulpur, West Bengal 711411",796370,22.611441499999998,88.163112,ChIJbzcHDAB_-DkR-7V0TmttOzo,https://www.google.com/maps/place/?q=place_id:ChIJbzcHDAB_-DkR-7V0TmttOzo,part_372,2026-09-20 20:25:45,37378
Fresh Juice Centre,Ice Cream Parlour,Ice cream shop,"Ice cream shop, Juice shop",796370,North Eastern Circle,North Eastern Region,Mizoram Division,"Lungdar S.O, Biate B.O, Leng B.O",+91 99705 65644,http://bio.link/freshjuicecentre,4.1,1204.0,"Fresh Corner, Paithan Gate, Sanmitra Colony, Nirala Bazar, Chhatrapati Sambhajinagar, Maharashtra 431001","Paithan Gate, Sanmitra Colony, Nirala Bazar",19.8804937,75.3290087,ChIJOyKoZW2Y2zsRPg4AxHZFMU4,https://www.google.com/maps/place/?q=place_id:ChIJOyKoZW2Y2zsRPg4AxHZFMU4,part_372,2026-09-20 20:25:45,37379
Giani Ice Cream,Ice Cream Parlour,Ice cream shop,Ice cream shop,796370,North Eastern Circle,North Eastern Region,Mizoram Division,"Lungdar S.O, Biate B.O, Leng B.O",N/A,http://www.gianiicecream.in/,3.7,21.0,"4th Floor, Flavours Food Court, UGF-10 CITY CENTRE MALL, Dalhousie Road, Pathankot, Punjab 145001",796370,32.2728344,75.65344379999999,ChIJsV1kum1_HDkRBhERUQYo28I,https://www.google.com/maps/place/?q=place_id:ChIJsV1kum1_HDkRBhERUQYo28I,part_372,2026-09-20 20:25:45,37380
Rajadhani Ice Cream Parlour,Ice Cream Parlour,Ice cream shop,"Ice cream shop, Ice supplier, Juice shop, Manufacturer",796370,North Eastern Circle,North Eastern Region,Mizoram Division,"Lungdar S.O, Biate B.O, Leng B.O",+91 73563 69820,http://www.rajadhaniicecreams.in/,4.3,2599.0,"Statue Junction, SH15, FACT Nagar, Thrippunithura, Ernakulam, Keralam 682301","FACT Nagar, Thrippunithura",9.9448403,76.34567369999999,ChIJmXmf3G1zCDsR4rApN0cIoPA,https://www.google.com/maps/place/?q=place_id:ChIJmXmf3G1zCDsR4rApN0cIoPA,part_372,2026-09-20 20:25:46,37381
Lazza Ice Creams,Ice Cream Parlour,Ice cream shop,Ice cream shop,796370,North Eastern Circle,North Eastern Region,Mizoram Division,"Lungdar S.O, Biate B.O, Leng B.O",+91 99461 07970,https://www.lazza.co.in/,4.3,95.0,"Shop No.28/3030, Cheruparampath Road, Giri Nagar, Kadavanthra, Ernakulam, Kochi, Keralam 682020","Tagore Nagar, Giri Nagar, Kadavanthra",9.9636826,76.3039268,ChIJ7SsKGs9yCDsRg7s3dDjL66c,https://www.google.com/maps/place/?q=place_id:ChIJ7SsKGs9yCDsRg7s3dDjL66c,part_372,2026-09-20 20:25:46,37382
Ms ice cube,Ice Cream Parlour,Ice cream shop,"Ice cream shop, Ice supplier",796410,North Eastern Circle,North Eastern Region,Mizoram Division,"Dapchhuah B.O, Lengpui B.O, Mualkhang B.O",N/A,N/A,5.0,,"C 18, Eternal Gym, Chaltlang Lily Veng, Aizawl, Mizoram 796012",Chaltlang,23.7514066,92.72560469999999,ChIJB2J3dwDrTTcRn8QVDa-vCag,https://www.google.com/maps/place/?q=place_id:ChIJB2J3dwDrTTcRn8QVDa-vCag,part_372,2026-09-20 20:26:22,38897
Frost Penguin,Ice Cream Parlour,Ice cream shop,Ice cream shop,796410,North Eastern Circle,North Eastern Region,Mizoram Division,"Dapchhuah B.O, Lengpui B.O, Mualkhang B.O",+91 63625 82067,N/A,,,"PPX9+574, Chaltlang, Aizawl, Mizoram 796007",Chaltlang,23.7478925,92.7182112,ChIJgbYwcgDrTTcRv-8ptnMFG4k,https://www.google.com/maps/place/?q=place_id:ChIJgbYwcgDrTTcRv-8ptnMFG4k,part_372,2026-09-20 20:26:22,38898
Baskin Robbins,Ice Cream Parlour,Ice cream shop,"Ice cream shop, Dessert shop",796410,North Eastern Circle,North Eastern Region,Mizoram Division,"Dapchhuah B.O, Lengpui B.O, Mualkhang B.O",+91 70051 86698,https://baskinrobbinsindia.com/pages/store-locator?utm_source=gmb&utm_medium=search&utm_campaign=storefootfall,2.3,,"VL Thlangi Building, Block F/15, near Sericulture office, M-II, Chaltlang, Aizawl, Mizoram 796012","M-II, Chaltlang",23.7511697,92.7234471,ChIJQ8EE0T7rTTcRUMTLq1jfF_Y,https://www.google.com/maps/place/?q=place_id:ChIJQ8EE0T7rTTcRUMTLq1jfF_Y,part_372,2026-09-20 20:26:22,38899
Snowberry - Artisanal Desserts,Ice Cream Parlour,Ice cream shop,Ice cream shop,796410,North Eastern Circle,North Eastern Region,Mizoram Division,"Dapchhuah B.O, Lengpui B.O, Mualkhang B.O",N/A,https://www.instagram.com/snowberryindia/?hl=en,4.6,,"Janki High Street, Bareilly - Nainital Rd, Sheeshmahal, Kathgodam, Haldwani, Damua Dhunga, Uttarakhand 263126","Sheeshmahal, Kathgodam",29.253716899999997,79.5414663,ChIJG6-GE2mboDkR13ASoTO95OU,https://www.google.com/maps/place/?q=place_id:ChIJG6-GE2mboDkR13ASoTO95OU,part_372,2026-09-20 20:26:22,38900
Hlua,Ice Cream Parlour,Bakery and Cake Shop,Bakery and Cake Shop,796410,North Eastern Circle,North Eastern Region,Mizoram Division,"Dapchhuah B.O, Lengpui B.O, Mualkhang B.O",N/A,N/A,,,"85, Dawrveng, Sairang, Mizoram 796410",796410,23.808529699999998,92.6550606,ChIJAQV2MADtTTcRuvYFQa8dL_A,https://www.google.com/maps/place/?q=place_id:ChIJAQV2MADtTTcRuvYFQa8dL_A,part_372,2026-09-20 20:26:22,38901
Mami Variety Store,Ice Cream Parlour,Variety store,Variety store,796410,North Eastern Circle,North Eastern Region,Mizoram Division,"Dapchhuah B.O, Lengpui B.O, Mualkhang B.O",+91 93663 13035,N/A,4.8,,"Aizawl - Mamit - Vanhmun - Kumarghat Rd, Sairang, Sihhmui, Mizoram 796410",796410,23.7993304,92.6452012,ChIJ11gS0aTtTTcRD7U-N4Tf-oM,https://www.google.com/maps/place/?q=place_id:ChIJ11gS0aTtTTcRD7U-N4Tf-oM,part_372,2026-09-20 20:26:22,38902
Boomerang Ice Cream,Ice Cream Parlour,Ice cream shop,"Ice cream shop, Dessert restaurant, Dessert shop, Pastry shop",796410,North Eastern Circle,North Eastern Region,Mizoram Division,"Dapchhuah B.O, Lengpui B.O, Mualkhang B.O",+91 99449 31896,https://boomerangicecreams.com/,4.3,,"5th, Floor, B Block, Krishnamal bus stop, Pricol Caldeon Square, 348, Avinashi Rd, Peelamedu, HUDCO Colony, Coimbatore, Tamil Nadu 641004","Peelamedu, HUDCO Colony",11.0242572,77.0070029,ChIJdR1e-yhYqDsRUfBSEEPbFNE,https://www.google.com/maps/place/?q=place_id:ChIJdR1e-yhYqDsRUfBSEEPbFNE,part_372,2026-09-20 20:26:23,38903
Kelvin Scale Creamery,Ice Cream Parlour,Ice cream shop,Ice cream shop,796410,North Eastern Circle,North Eastern Region,Mizoram Division,"Dapchhuah B.O, Lengpui B.O, Mualkhang B.O",+91 79979 79222,N/A,4.1,,"38/123-A,Kothapeta cross road, Madanapalli Rd, Kothapeta, Rayachoty, Andhra Pradesh 516269",Kothapeta,14.0465909,78.74821,ChIJ15Cl7ksDszsRTVRCEhsQV1A,https://www.google.com/maps/place/?q=place_id:ChIJ15Cl7ksDszsRTVRCEhsQV1A,part_372,2026-09-20 20:26:23,38904
Hotel Shubham Baker's & Restaurant,Ice Cream Parlour,Bakery and Cake Shop,"Bakery and Cake Shop, Family restaurant, Hotel",796410,North Eastern Circle,North Eastern Region,Mizoram Division,"Dapchhuah B.O, Lengpui B.O, Mualkhang B.O",+91 97581 21234,https://shubhamhotelrestaurantbakersetw.netlify.app/,3.9,,"National Highwadaay 92 Infront of Allahabad Bank Agra road, Pakka Talab Rd, Etawah, Uttar Pradesh 206001",Purbia Tola,26.7796579,79.0167268,ChIJDQaMLdjfdTkRJRwYGPnpcxU,https://www.google.com/maps/place/?q=place_id:ChIJDQaMLdjfdTkRJRwYGPnpcxU,part_372,2026-09-20 20:26:23,38905
Ice Magic,Ice Cream Parlour,Ice cream shop,Ice cream shop,796410,North Eastern Circle,North Eastern Region,Mizoram Division,"Dapchhuah B.O, Lengpui B.O, Mualkhang B.O",+91 79956 71559,http://www.cafeicemagic.com/,4.7,,"arundelpet, 11/1, Guntur, Andhra Pradesh 522002",Arundelpet,16.304805899999998,80.43810119999999,ChIJU6S28rd1SjoROvYiZ6OrN44,https://www.google.com/maps/place/?q=place_id:ChIJU6S28rd1SjoROvYiZ6OrN44,part_372,2026-09-20 20:26:23,38906
Rajiv nagar,Ice Cream Parlour,Ice cream shop,Ice cream shop,796431,North Eastern Circle,North Eastern Region,Mizoram Division,"Phaileng S.O, Damparengpui B.O, Hnahva B.O",+91 81198 79826,N/A,,,"P76X+QQV, Rajivnagar, Mizoram 796431",796431,23.7120069,92.2992172,ChIJaVEeTQBtUjcRK4d2q2t-LWE,https://www.google.com/maps/place/?q=place_id:ChIJaVEeTQBtUjcRK4d2q2t-LWE,part_372,2026-09-20 20:27:33,41794
YAYA ENTERPRISE,Ice Cream Parlour,Ice cream shop,Ice cream shop,796441,North Eastern Circle,North Eastern Region,Mizoram Division,"Mamit S.O, Dampui B.O, Darlak B.O",N/A,N/A,,,"PPM7+QX7, PC Lianchungnunga Building Opp: Aizawl West College, Dawrpui vengthar, Aizawl, Mizoram 796001",796441,23.7344081,92.71493219999999,ChIJ5RNPGPGVTTcRFSBj9m50vfI,https://www.google.com/maps/place/?q=place_id:ChIJ5RNPGPGVTTcRFSBj9m50vfI,part_372,2026-09-20 20:28:12,42667
MAA ICE FACTORY DAMCHERRA,Ice Cream Parlour,Ice cream shop,Ice cream shop,796470,North Eastern Circle,North Eastern Region,Mizoram Division,"Kawrthah S.O, Boraibazar B.O, Hriphaw B.O",N/A,N/A,5.0,,"Block Tilla, Damcherra, Tripura 799256",Block Tilla,24.2442083,92.2887583,ChIJsdy6k2DxUTcRZSn3bywAJJA,https://www.google.com/maps/place/?q=place_id:ChIJsdy6k2DxUTcRZSn3bywAJJA,part_372,2026-09-20 20:28:46,43608
"CREAM STONE, New Bel Road",Ice Cream Parlour,Ice cream shop,Ice cream shop,796470,North Eastern Circle,North Eastern Region,Mizoram Division,"Kawrthah S.O, Boraibazar B.O, Hriphaw B.O",+91 99457 49418,http://creamstoneconcepts.com/,4.3,,"Ground Floor, Bhagyashri Complex 79, 80 Feet Road, New BEL Rd, Bengaluru, Karnataka 560094","RMV 2nd Stage, Ashwath Nagar, Devasandra Layout",13.0277873,77.5739928,ChIJ7bZOrsQXrjsRx5nn8e0uGZI,https://www.google.com/maps/place/?q=place_id:ChIJ7bZOrsQXrjsRx5nn8e0uGZI,part_372,2026-09-20 20:28:46,43609
Milano Ice Cream,Ice Cream Parlour,Ice cream shop,"Ice cream shop, Dessert shop, Italian restaurant, Pizza restaurant, Sandwich shop",796470,North Eastern Circle,North Eastern Region,Mizoram Division,"Kawrthah S.O, Boraibazar B.O, Hriphaw B.O",+91 96320 78022,N/A,4.5,,"Second Block, Raj Mahal Vilas Extension, 237, 2nd Stage, 80 Feet Rd, Banday Colony, Geddalahalii, Armane Nagar, Bengaluru, Karnataka 560094","Banday Colony, Geddalahalii, Armane Nagar",13.0278926,77.5750834,ChIJZVXJn0gXrjsRBGn-XYuyo_U,https://www.google.com/maps/place/?q=place_id:ChIJZVXJn0gXrjsRBGn-XYuyo_U,part_372,2026-09-20 20:28:46,43610
A.J Varaities & Beverage,Ice Cream Parlour,Ice cream shop,"Ice cream shop, Beverage Store, Drinking water supplier, Indian grocery store",796470,North Eastern Circle,North Eastern Region,Mizoram Division,"Kawrthah S.O, Boraibazar B.O, Hriphaw B.O",N/A,N/A,3.7,,"Anita Chakraborty, Narendranagar, Tripura 799256",796470,24.242793799999998,92.2826046,ChIJke_KEsXxUTcRFm_239ftcm4,https://www.google.com/maps/place/?q=place_id:ChIJke_KEsXxUTcRFm_239ftcm4,part_372,2026-09-20 20:28:46,43611
Tluangi home,Ice Cream Parlour,Ice cream shop,Ice cream shop,796470,North Eastern Circle,North Eastern Region,Mizoram Division,"Kawrthah S.O, Boraibazar B.O, Hriphaw B.O",N/A,N/A,,,"5HHG+6FV, Meidum, Mizoram 796081",796470,24.1781135,92.576161,ChIJXXjxOwAHTjcRNBXsdOhSjj0,https://www.google.com/maps/place/?q=place_id:ChIJXXjxOwAHTjcRNBXsdOhSjj0,part_372,2026-09-20 20:28:46,43612
Biswajit Sun shine enterprises,Ice Cream Parlour,Ice cream shop,Ice cream shop,796470,North Eastern Circle,North Eastern Region,Mizoram Division,"Kawrthah S.O, Boraibazar B.O, Hriphaw B.O",N/A,N/A,,,"873V+243, Lowairpoa-Rangamati-Kanmun, Raod, Manikbond Punjee, Assam 788728",796470,24.3024176,92.29283269999999,ChIJA3yJ8SXxUTcRwfKVQQk0ggs,https://www.google.com/maps/place/?q=place_id:ChIJA3yJ8SXxUTcRwfKVQQk0ggs,part_372,2026-09-20 20:28:46,43613
Jamira pt iv,Ice Cream Parlour,Ice cream shop,Ice cream shop,796470,North Eastern Circle,North Eastern Region,Mizoram Division,"Kawrthah S.O, Boraibazar B.O, Hriphaw B.O",N/A,N/A,,,"7GQ7+FG7, Garmura F.V., Assam 788162",796470,24.288676,92.5138152,ChIJo9L4PwADTjcRlGuJ-g3o1Js,https://www.google.com/maps/place/?q=place_id:ChIJo9L4PwADTjcRlGuJ-g3o1Js,part_372,2026-09-20 20:28:46,43614
The Ice cream masters,Ice Cream Parlour,Ice cream shop,Ice cream shop,796470,North Eastern Circle,North Eastern Region,Mizoram Division,"Kawrthah S.O, Boraibazar B.O, Hriphaw B.O",+91 98393 96262,N/A,4.6,25.0,"1, Wala Qadar Rd, opp. Gemini continental Hotel, DM Compound Colony, Kaiserbagh Officer's Colony, Hazratganj, Lucknow, Uttar Pradesh 226001","DM Compound Colony, Kaiserbagh Officer's Colony, Hazratganj",26.8522982,80.9366388,ChIJB7ajWAD9mzkRCWHnbWYGWj0,https://www.google.com/maps/place/?q=place_id:ChIJB7ajWAD9mzkRCWHnbWYGWj0,part_372,2026-09-20 20:28:46,43615
Giani Ice Cream,Ice Cream Parlour,Ice cream shop,"Ice cream shop, Dessert shop",796470,North Eastern Circle,North Eastern Region,Mizoram Division,"Kawrthah S.O, Boraibazar B.O, Hriphaw B.O",+91 98991 10404,https://www.gianiicecream.in/,4.2,801.0,"Shop No 112, Gurudwara Road, Market, Sector 15, Faridabad, Haryana 121007",Sector 15,28.395191999999998,77.3217664,ChIJBZz3MlDcDDkR3ES5iumq8ss,https://www.google.com/maps/place/?q=place_id:ChIJBZz3MlDcDDkR3ES5iumq8ss,part_372,2026-09-20 20:28:46,43616
Jhulelal Icecreams,Ice Cream Parlour,Ice cream shop,Ice cream shop,796471,North Eastern Circle,North Eastern Region,Mizoram Division,Zawlnuam S.O,+91 99226 57755,N/A,4.0,,"Shop No. 323, Sai Chowk PCMC Link Road Shastri Nagar Pimpri Colony Pimpri-Chinchwad, Pune, Maharashtra 411017","Shastri Nagar, Pimpri Colony",18.620210699999998,73.8037324,ChIJvRwcAFe4wjsRQKkm6Ug_sT0,https://www.google.com/maps/place/?q=place_id:ChIJvRwcAFe4wjsRQKkm6Ug_sT0,part_372,2026-09-20 20:29:27,45666
The Cream & soda lounge,Ice Cream Parlour,Ice cream shop,Ice cream shop,796471,North Eastern Circle,North Eastern Region,Mizoram Division,Zawlnuam S.O,+91 87800 03711,N/A,5.0,,"The Cream & soda Lounge, 4, near Hero Showroom, Mundra, Gujarat 370421",Vardhaman Nagar,22.835850999999998,69.7245828,ChIJ8zAcWJHVUDkRCeD_gl1wxKM,https://www.google.com/maps/place/?q=place_id:ChIJ8zAcWJHVUDkRCeD_gl1wxKM,part_372,2026-09-20 20:29:27,45667
Pick & Mix,Ice Cream Parlour,Ice cream shop,Ice cream shop,796471,North Eastern Circle,North Eastern Region,Mizoram Division,Zawlnuam S.O,+91 94978 22489,https://pickandmix.dialndial.com/,4.3,,"HQ3P+QCQ, Kanjirappally, Keralam 686507",796471,9.554460899999999,76.7861224,ChIJwV2Z6us3BjsRmuRHdhBjK90,https://www.google.com/maps/place/?q=place_id:ChIJwV2Z6us3BjsRmuRHdhBjK90,part_372,2026-09-20 20:29:27,45668
Lucky Ice Cream Parlour,Ice Cream Parlour,Ice cream shop,"Ice cream shop, Fast food restaurant",796471,North Eastern Circle,North Eastern Region,Mizoram Division,Zawlnuam S.O,+91 85741 23124,N/A,3.6,,"99XH+7VF, Chisti Nagar, Daheli Sujanpur, Kanpur, Uttar Pradesh 208021","Chisti Nagar, Daheli Sujanpur",26.3981757,80.3796764,ChIJScxvVUZBnDkRvaUZRVz5BP8,https://www.google.com/maps/place/?q=place_id:ChIJScxvVUZBnDkRvaUZRVz5BP8,part_372,2026-09-20 20:29:28,45669
Vadilal Scoop Shop-Rushabh Parlour,Ice Cream Parlour,Ice cream shop,Ice cream shop,796471,North Eastern Circle,North Eastern Region,Mizoram Division,Zawlnuam S.O,+91 84888 85445,N/A,4.3,,"Akshardeep Complex, G-3,Aashish Jyot Complex Aatabhai Road, Sanskar Mandal Rd, Hill Drive, Bhavnagar, Gujarat 364001",Hill Drive,21.755958399999997,72.14782,ChIJdYjSNXFaXzkRCQtNt3BtDGM,https://www.google.com/maps/place/?q=place_id:ChIJdYjSNXFaXzkRCQtNt3BtDGM,part_372,2026-09-20 20:29:28,45670
Lakshmi Refreshment,Ice Cream Parlour,Ice cream shop,Ice cream shop,796501,North Eastern Circle,North Eastern Region,Mizoram Division,"Reiek S.O, Ailawng B.O, Darlung B.O",+91 98788 50999,http://wwww.lakshmirefreshment.com/,4.4,,"Ej 187, Chahar Bagh, Central Town, Jalandhar, Punjab 144001","Chahar Bagh, Central Town",31.328923399999997,75.5833693,ChIJq9ZeJWJaGjkRJ5D4JNp87l0,https://www.google.com/maps/place/?q=place_id:ChIJq9ZeJWJaGjkRJ5D4JNp87l0,part_372,2026-09-20 20:30:06,47188
Sawmhlu agencies,Ice Cream Parlour,Ice cream shop,"Ice cream shop, Frozen food store",796501,North Eastern Circle,North Eastern Region,Mizoram Division,"Reiek S.O, Ailawng B.O, Darlung B.O",+91 82590 61178,N/A,5.0,,"temple road, Dawrpui Vengthar, Dawrpui, Aizawl, Mizoram 796001","Dawrpui Vengthar, Dawrpui",23.734925,92.714726,ChIJ_5CqmzSVTTcRgR6H4ijb21Y,https://www.google.com/maps/place/?q=place_id:ChIJ_5CqmzSVTTcRgR6H4ijb21Y,part_372,2026-09-20 20:30:06,47189
Ice Box Aizawl,Ice Cream Parlour,Ice cream shop,Ice cream shop,796501,North Eastern Circle,North Eastern Region,Mizoram Division,"Reiek S.O, Ailawng B.O, Darlung B.O",N/A,N/A,5.0,,"H.No.3/Z/155, Kulikawn, Aizawl, Mizoram 796005",Kulikawn,23.7076797,92.71310059999999,ChIJi21Owf2VTTcRzGOGwoIBwiA,https://www.google.com/maps/place/?q=place_id:ChIJi21Owf2VTTcRzGOGwoIBwiA,part_372,2026-09-20 20:30:06,47190
Scuzo Ice 'O' Magic,Ice Cream Parlour,Ice cream shop,"Ice cream shop, Dessert shop",796501,North Eastern Circle,North Eastern Region,Mizoram Division,"Reiek S.O, Ailawng B.O, Darlung B.O",+91 84149 33973,http://www.scuzointernational.com/,5.0,,"Shop No.A 20, GF, Millennium Centre, Dawrpui, Aizawl, Mizoram 796001",Dawrpui,23.7335551,92.71679259999999,ChIJ9w_9X7CVTTcRLvVudzPxUs0,https://www.google.com/maps/place/?q=place_id:ChIJ9w_9X7CVTTcRLvVudzPxUs0,part_372,2026-09-20 20:30:06,47191
ibaco - Thoothukudi,Ice Cream Parlour,Ice cream shop,"Ice cream shop, Bakery and Cake Shop, Cake shop, Dessert shop",796501,North Eastern Circle,North Eastern Region,Mizoram Division,"Reiek S.O, Ailawng B.O, Darlung B.O",N/A,https://www.hap.in/ibaco/,4.5,,"70/7, Palayamkottai Rd, near Kani Residency, Pudugramam, Thoothukudi, Tamil Nadu 628002",Pudugramam,8.8024876,78.140528,ChIJ96uBGZbvAzsRSr06p9IoI3M,https://www.google.com/maps/place/?q=place_id:ChIJ96uBGZbvAzsRSr06p9IoI3M,part_372,2026-09-20 20:30:06,47192
Rajmandir Ice Cream,Ice Cream Parlour,Ice cream shop,Ice cream shop,796501,North Eastern Circle,North Eastern Region,Mizoram Division,"Reiek S.O, Ailawng B.O, Darlung B.O",+91 72495 55944,N/A,4.9,,"Shop No. L- 14, Mhada Towers, Pimple Saudagar Rd, below Registration Office, Pimpri Gaon, Pimpri Colony, Pune, Pimpri-Chinchwad, Maharashtra 411017","Pimpri Gaon, Pimpri Colony",18.607149,73.8019417,ChIJIarMQAC5wjsROOlB1K9Cy_4,https://www.google.com/maps/place/?q=place_id:ChIJIarMQAC5wjsROOlB1K9Cy_4,part_372,2026-09-20 20:30:06,47193
V&T Ice Cube,Ice Cream Parlour,Ice cream shop,Ice cream shop,796501,North Eastern Circle,North Eastern Region,Mizoram Division,"Reiek S.O, Ailawng B.O, Darlung B.O",N/A,N/A,,,"Ainawn Section, GEW road, Thuampui, Aizawl, Mizoram 796017",Thuampui,23.730725,92.71724189999999,ChIJ7ZF3HADrTTcRHxMDIB2El20,https://www.google.com/maps/place/?q=place_id:ChIJ7ZF3HADrTTcRHxMDIB2El20,part_372,2026-09-20 20:30:06,47194
Madini,Ice Cream Parlour,Ice cream shop,Ice cream shop,796501,North Eastern Circle,North Eastern Region,Mizoram Division,"Reiek S.O, Ailawng B.O, Darlung B.O",+91 98628 11491,N/A,,,"Millenium Center, Dawrpui, Aizawl, Mizoram 796001",Dawrpui,23.733809599999997,92.71699989999999,ChIJjYjrineVTTcRIc2Fc_Oxel4,https://www.google.com/maps/place/?q=place_id:ChIJjYjrineVTTcRIc2Fc_Oxel4,part_372,2026-09-20 20:30:06,47195
Amul Preferred Outlet,Ice Cream Parlour,Store,Store,796501,North Eastern Circle,North Eastern Region,Mizoram Division,"Reiek S.O, Ailawng B.O, Darlung B.O",+91 76410 14088,N/A,4.7,,"New Street-Mission Veng Rd, Sikulpuikawn, Model Veng, Aizawl, Mizoram 796001","Sikulpuikawn, Model Veng",23.716461799999998,92.7189136,ChIJD_Wk7ZuVTTcRUOyba8X53RA,https://www.google.com/maps/place/?q=place_id:ChIJD_Wk7ZuVTTcRUOyba8X53RA,part_372,2026-09-20 20:30:06,47196
Rajmandir Ice Cream,Ice Cream Parlour,Ice cream shop,Ice cream shop,796501,North Eastern Circle,North Eastern Region,Mizoram Division,"Reiek S.O, Ailawng B.O, Darlung B.O",+91 98503 68880,N/A,4.3,,"Shop No.2, Ram Niwas, New DP Rd., Jadhav Colony, Mali Ali, Pimpri Gaon, Pimpri Colony, Pimpri-Chinchwad, Maharashtra 411017","Jadhav Colony, Mali Ali, Pimpri Gaon, Pimpri Colony",18.611757,73.7995813,ChIJ_T9FQaq5wjsRm__JzB9hqhQ,https://www.google.com/maps/place/?q=place_id:ChIJ_T9FQaq5wjsRm__JzB9hqhQ,part_372,2026-09-20 20:30:06,47197
FROSTY BITES,Ice Cream Parlour,Ice cream shop,Ice cream shop,796501,North Eastern Circle,North Eastern Region,Mizoram Division,"Reiek S.O, Ailawng B.O, Darlung B.O",+91 90895 93278,N/A,,,"Republic Rd, Mission Veng, Aizawl, Mizoram 796001",Mission Veng,23.7169989,92.71882649999999,ChIJXwf2KQCVTTcRozxdGHVIATg,https://www.google.com/maps/place/?q=place_id:ChIJXwf2KQCVTTcRozxdGHVIATg,part_372,2026-09-20 20:30:06,47198
Naturals Ice Cream,Ice Cream Parlour,Ice cream shop,"Ice cream shop, Sweet shop, Dessert restaurant, Dessert shop, Frozen dessert supplier",796501,North Eastern Circle,North Eastern Region,Mizoram Division,"Reiek S.O, Ailawng B.O, Darlung B.O",+91 89800 37800,https://naturalicecreams.in/,4.4,,"Shop No 7, The Delta Co Op Housing Society, E-Wing, Chharawada Rd, GIDC, Vapi, Gujarat 396191","Housing Sector, GIDC",20.37944,72.916601,ChIJh13i0EvO4DsR5ijh-Gw2xg4,https://www.google.com/maps/place/?q=place_id:ChIJh13i0EvO4DsR5ijh-Gw2xg4,part_372,2026-09-20 20:30:07,47199
Dinshaw's Zero Degree,Ice Cream Parlour,Ice cream shop,Ice cream shop,796501,North Eastern Circle,North Eastern Region,Mizoram Division,"Reiek S.O, Ailawng B.O, Darlung B.O",+91 99224 10171,N/A,4.1,,"WQQG+64V, Mother Teresa Rd, Opposite BSNL Office, Paranjpe Colony, Amravati, Maharashtra 444602",Paranjpe Colony,20.938122999999997,77.7752976,ChIJxSI6DWKj1jsRB4uh9qgq9_k,https://www.google.com/maps/place/?q=place_id:ChIJxSI6DWKj1jsRB4uh9qgq9_k,part_372,2026-09-20 20:30:07,47200
Giani Ice Cream Badlapur,Ice Cream Parlour,Ice cream shop,"Ice cream shop, Chocolate cafe, Dessert shop, Restaurant",796501,North Eastern Circle,North Eastern Region,Mizoram Division,"Reiek S.O, Ailawng B.O, Darlung B.O",N/A,https://gianiicecream.in/menu/,4.9,125.0,"Shop No.6, Balaji Darshan, opp. Madhuvan Greens Restaurant, Katrap, Badlapur, Maharashtra 421503",Katrap,19.1732977,73.2238041,ChIJRWgXp3yT5zsRNjLv5k94fKE,https://www.google.com/maps/place/?q=place_id:ChIJRWgXp3yT5zsRNjLv5k94fKE,part_372,2026-09-20 20:30:07,47201
Amul Ice cream parlour- om sai distributors,Ice Cream Parlour,Ice cream shop,Ice cream shop,796501,North Eastern Circle,North Eastern Region,Mizoram Division,"Reiek S.O, Ailawng B.O, Darlung B.O",N/A,N/A,4.3,26.0,"Shop No. 5, Nilesh Aagan Society, Ganesh Nagar, Wadgaon Sheri, Pune, Maharashtra 411014","Ganesh Nagar, Wadgaon Sheri",18.5541998,73.9252035,ChIJDaP_NWbBwjsR0OVg7WajKDE,https://www.google.com/maps/place/?q=place_id:ChIJDaP_NWbBwjsR0OVg7WajKDE,part_372,2026-09-20 20:30:08,47202
B&S Lassi,Ice Cream Parlour,Ice cream shop,Ice cream shop,796571,North Eastern Circle,North Eastern Region,Mizoram Division,"Hnahthial S.O, Aithur B.O, Chawngtui B.O",N/A,N/A,5.0,5.0,"VPQV+FRX, Chanmari, Lunglei, Mizoram 796701",Chanmari,22.8887194,92.74461079999999,ChIJK9idpXNBTTcRtAz8bece5Io,https://www.google.com/maps/place/?q=place_id:ChIJK9idpXNBTTcRtAz8bece5Io,part_372,2026-09-20 20:30:43,49133
TMA STORE*,Ice Cream Parlour,Ice cream shop,Ice cream shop,796571,North Eastern Circle,North Eastern Region,Mizoram Division,"Hnahthial S.O, Aithur B.O, Chawngtui B.O",+91 93246 63493,N/A,,,"YMA meeting Hall, Chanmari 2, near Chanmari, Lunglei, Mizoram 796701",796571,22.886028,92.745128,ChIJ7f2ci4hBTTcRYceRz-ZVTnw,https://www.google.com/maps/place/?q=place_id:ChIJ7f2ci4hBTTcRYceRz-ZVTnw,part_372,2026-09-20 20:30:43,49134
EL&TY Ice Cream,Ice Cream Parlour,Ice cream shop,Ice cream shop,796571,North Eastern Circle,North Eastern Region,Mizoram Division,"Hnahthial S.O, Aithur B.O, Chawngtui B.O",N/A,N/A,4.7,6.0,"VPQW+4HF, Lunglei, Mizoram 796701",796571,22.8878061,92.7464344,ChIJKx3JYbBBTTcRkTjNmaCo6b8,https://www.google.com/maps/place/?q=place_id:ChIJKx3JYbBBTTcRkTjNmaCo6b8,part_372,2026-09-20 20:30:43,49135
"Baskin Robins, Lunglei",Ice Cream Parlour,Ice cream shop,Ice cream shop,796571,North Eastern Circle,North Eastern Region,Mizoram Division,"Hnahthial S.O, Aithur B.O, Chawngtui B.O",N/A,N/A,5.0,3.0,"VPMX+F2J, Lunglei, Mizoram 796701",796571,22.883700899999997,92.7475041,ChIJv3_SW2FBTTcRI8aqOrg2FkI,https://www.google.com/maps/place/?q=place_id:ChIJv3_SW2FBTTcRI8aqOrg2FkI,part_372,2026-09-20 20:30:43,49136
Pachuau Run,Ice Cream Parlour,Ice cream shop,Ice cream shop,796571,North Eastern Circle,North Eastern Region,Mizoram Division,"Hnahthial S.O, Aithur B.O, Chawngtui B.O",N/A,N/A,5.0,1.0,"R2WJ+W8C, Muallianpui, Mizoram 796571",796571,22.847461199999998,93.0305224,ChIJ44JODwAnTTcRuk3Tc71jkqM,https://www.google.com/maps/place/?q=place_id:ChIJ44JODwAnTTcRuk3Tc71jkqM,part_372,2026-09-20 20:30:43,49137
P.C Ice-cream Shop,Ice Cream Parlour,Ice cream shop,Ice cream shop,796571,North Eastern Circle,North Eastern Region,Mizoram Division,"Hnahthial S.O, Aithur B.O, Chawngtui B.O",N/A,N/A,,,"R2WJ+X6J, Muallianpui, Mizoram 796571",796571,22.847474,93.03050739999999,ChIJh4HMeAAnTTcR3HEsX72cVYU,https://www.google.com/maps/place/?q=place_id:ChIJh4HMeAAnTTcR3HEsX72cVYU,part_372,2026-09-20 20:30:43,49138
Peni Ice Candy - Sasthamangalam,Ice Cream Parlour,Ice cream shop,"Ice cream shop, Cafe, Chocolate cafe, Chocolate shop, Sweets and dessert buffet, Dessert restaurant, Food court, Frozen dessert supplier",796571,North Eastern Circle,North Eastern Region,Mizoram Division,"Hnahthial S.O, Aithur B.O, Chawngtui B.O",+91 99958 58273,https://www.peniicecandy.com/stores/kerala/sasthamangalam/,4.5,,"Sasthamangalam, Thiruvananthapuram, Keralam 695010",Sasthamangalam,8.5122664,76.96965759999999,ChIJM65Q0fi7BTsRGrAEpE_viE4,https://www.google.com/maps/place/?q=place_id:ChIJM65Q0fi7BTsRGrAEpE_viE4,part_372,2026-09-20 20:30:45,49139
Milky White Ice Cream,Ice Cream Parlour,Ice cream shop,Ice cream shop,796571,North Eastern Circle,North Eastern Region,Mizoram Division,"Hnahthial S.O, Aithur B.O, Chawngtui B.O",+91 94956 75131,https://milkywhiteicecreams.com/,4.5,,"Njarukkutty-Vandamattom Rd, P.O, Vandamattom, Kodikulam, Keralam 685582",P.O,9.9291282,76.7542568,ChIJv0L2-WrBBzsR1wkZfPyO30I,https://www.google.com/maps/place/?q=place_id:ChIJv0L2-WrBBzsR1wkZfPyO30I,part_372,2026-09-20 20:30:45,49140
Polar Bear Ice Cream Sundaes - Seetha Circle,Ice Cream Parlour,Ice cream shop,"Ice cream shop, Sweet shop, Confectionery store, Sweets and dessert buffet, Frozen yogurt shop",796581,North Eastern Circle,North Eastern Region,Mizoram Division,"Thingsai S.O, Bualpui H B.O",+91 96327 01036,http://www.polarbear.co.in/,4.5,3351.0,"111, 80 Feet Rd, 1st phase Girinagar, Srinivasnagar, Banashankari, Bengaluru, Karnataka 560085","1st phase Girinagar, Srinivasnagar, Banashankari",12.9374193,77.5490344,ChIJcSN3mDw-rjsR52psvvXDkHg,https://www.google.com/maps/place/?q=place_id:ChIJcSN3mDw-rjsR52psvvXDkHg,part_372,2026-09-20 20:31:20,50990
Gajendra Sweets and Dairy Products,Ice Cream Parlour,Indian sweets shop,"Indian sweets shop, Sweet shop",796581,North Eastern Circle,North Eastern Region,Mizoram Division,"Thingsai S.O, Bualpui H B.O",+91 99978 64626,N/A,4.0,801.0,"New Cantonment Rd, Hathibarkala, Dehradun, Uttarakhand 248001",Hathibarkala,30.3409588,78.05059969999999,ChIJZXa1dtkpCTkRukxeS1RaYTo,https://www.google.com/maps/place/?q=place_id:ChIJZXa1dtkpCTkRukxeS1RaYTo,part_372,2026-09-20 20:31:20,50991
The Waffle Co.,Ice Cream Parlour,Dessert restaurant,Dessert restaurant,796581,North Eastern Circle,North Eastern Region,Mizoram Division,"Thingsai S.O, Bualpui H B.O",+91 93061 34182,http://www.thewaffleco.in/,4.2,87.0,"357/A, Chakrata Rd, opposite Blood Bank, Vijay Park, Dehradun, Uttarakhand 248001",Vijay Park,30.333744,78.0174267,ChIJj_oZEV0rCTkRn3X2YIgQekU,https://www.google.com/maps/place/?q=place_id:ChIJj_oZEV0rCTkRn3X2YIgQekU,part_372,2026-09-20 20:31:20,50992
Chardukan Mussoorie,Ice Cream Parlour,Fast food restaurant,"Fast food restaurant, Breakfast restaurant, Cafe, Coffee shop, Pancake restaurant, Tea house",796581,North Eastern Circle,North Eastern Region,Mizoram Division,"Thingsai S.O, Bualpui H B.O",N/A,N/A,4.2,8261.0,"Himgiri Restaurant, Rajmandi, Landour, Mussoorie, Uttarakhand 248179","Himgiri Restaurant, Rajmandi, Landour",30.461089299999998,78.09517819999999,ChIJKSb4t73QCDkRQyYhjlunUUM,https://www.google.com/maps/place/?q=place_id:ChIJKSb4t73QCDkRQyYhjlunUUM,part_372,2026-09-20 20:31:20,50993
Anil's Cafe,Ice Cream Parlour,Cafe,"Cafe, Coffee shop",796581,North Eastern Circle,North Eastern Region,Mizoram Division,"Thingsai S.O, Bualpui H B.O",+91 92595 72558,N/A,4.0,208.0,"F36W+F37, Chardukhan, Cant, Near Sbi Bank, Landour, Mussoorie, Uttarakhand 248179","Rajmandi, Landour",30.461150099999998,78.0951688,ChIJT67-t73QCDkRK_YLRBEIFJw,https://www.google.com/maps/place/?q=place_id:ChIJT67-t73QCDkRK_YLRBEIFJw,part_372,2026-09-20 20:31:20,50994
Olivia,Ice Cream Parlour,Ice cream shop,Ice cream shop,796581,North Eastern Circle,North Eastern Region,Mizoram Division,"Thingsai S.O, Bualpui H B.O",+91 74395 62550,http://www.oliviacreamery.com/,3.4,55.0,"28A-1 ASHUTOSH CHOUDHRY AVENUE, Ballygunge, Kolkata, West Bengal 700019",Ballygunge,22.5293581,88.36383599999999,ChIJ6eGAWWt3AjoRDBC5lkGax3c,https://www.google.com/maps/place/?q=place_id:ChIJ6eGAWWt3AjoRDBC5lkGax3c,part_372,2026-09-20 20:31:20,50995
Bombay Bandra Famous Faluda,Ice Cream Parlour,Fast food restaurant,Fast food restaurant,796581,North Eastern Circle,North Eastern Region,Mizoram Division,"Thingsai S.O, Bualpui H B.O",+91 84468 09349,N/A,4.2,,"V8QM+7RR Gandhi Chowk, A.Q, Sarafa Rd, Near Gandhi Putla, Sarafa Bazaar, Shahgunj, Chhatrapati Sambhajinagar, Maharashtra 431001","Near Gandhi Putla, Sarafa Bazaar, Shahgunj",19.888232,75.33459739999999,ChIJBR8xDgyY2zsR-N6-z3YIh8s,https://www.google.com/maps/place/?q=place_id:ChIJBR8xDgyY2zsR-N6-z3YIh8s,part_372,2026-09-20 20:31:21,50996
STAR BAKERY,Ice Cream Parlour,Bakery and Cake Shop,Bakery and Cake Shop,796581,North Eastern Circle,North Eastern Region,Mizoram Division,"Thingsai S.O, Bualpui H B.O",+91 94609 80839,https://star-bakery-rajasthan-324005.grexa.site/,4.7,,"Gobriya Bawdi Chouhara, Kota, Rajasthan 324005","Mahaveer Nagar-I, Mahaveer Nagar Housing Board Colony, Mahaveer Nagar",25.1318664,75.8550265,ChIJZ12zSs6FbzkRY6zoCt66pF4,https://www.google.com/maps/place/?q=place_id:ChIJZ12zSs6FbzkRY6zoCt66pF4,part_372,2026-09-20 20:31:21,50997
Liani Ice Cream - Iceream stall,Ice Cream Parlour,Ice cream shop,Ice cream shop,796701,North Eastern Circle,North Eastern Region,Mizoram Division,"Lunglei S.O, Bualte B.O, Buarpui B.O",N/A,N/A,,,"WF58+7G4 taxi service, Tlabung, Mizoram 796751",796701,22.908125599999998,92.46632509999999,ChIJ3XvyRwBfTTcRPjlZ7aOHP38,https://www.google.com/maps/place/?q=place_id:ChIJ3XvyRwBfTTcRPjlZ7aOHP38,part_372,2026-09-20 20:33:01,53431
Shiblu's Shop,Ice Cream Parlour,Ice cream shop,Ice cream shop,796701,North Eastern Circle,North Eastern Region,Mizoram Division,"Lunglei S.O, Bualte B.O, Buarpui B.O",01740-835994,N/A,5.0,1.0,"R9WJ+59P, 4570, Bangladesh",796701,22.8455436,92.38091879999999,ChIJ_6ImFgClUjcRRmxam2vusrs,https://www.google.com/maps/place/?q=place_id:ChIJ_6ImFgClUjcRRmxam2vusrs,part_372,2026-09-20 20:33:01,53432
BM TREATS ️,Ice Cream Parlour,Restaurant,Restaurant,796701,North Eastern Circle,North Eastern Region,Mizoram Division,"Lunglei S.O, Bualte B.O, Buarpui B.O",+91 81198 19046,N/A,4.8,116.0,"TC Complex, 1, Market Rd, Kamalanagar I, Kamalanagar, Mizoram 796770",Kamalanagar I,22.6186622,92.6444453,ChIJm6TgUh5NTTcRksSbTX8SiAo,https://www.google.com/maps/place/?q=place_id:ChIJm6TgUh5NTTcRksSbTX8SiAo,part_372,2026-09-20 20:33:01,53433
Prabhu Cream Parlour,Ice Cream Parlour,Ice cream shop,Ice cream shop,796710,North Eastern Circle,North Eastern Region,Mizoram Division,"Bunghmun S.O, Darngawn 'W' B.O, Kawnpui 'W' B.O",+91 78927 28688,N/A,4.5,1199.0,"Muthu Mahal, 56 New Bustand Road, Shasthri Circle, near Shiva prasad Grand, opp. JK Towers, Kundapur, Karnataka 576201",796710,13.6247735,74.69141239999999,ChIJ96plygaOvDsRdS-x5mcKrd8,https://www.google.com/maps/place/?q=place_id:ChIJ96plygaOvDsRdS-x5mcKrd8,part_372,2026-09-20 20:33:35,54414
PABBA'S,Ice Cream Parlour,Ice cream shop,Ice cream shop,796710,North Eastern Circle,North Eastern Region,Mizoram Division,"Bunghmun S.O, Darngawn 'W' B.O, Kawnpui 'W' B.O",+91 824 245 7925,https://www.idealicecream.com/,4.6,46117.0,"Lalbagh, Mangaluru, Karnataka 575003",Lalbagh,12.8864517,74.8383582,ChIJ99zmN11aozsRH3s1WZmdze8,https://www.google.com/maps/place/?q=place_id:ChIJ99zmN11aozsRH3s1WZmdze8,part_372,2026-09-20 20:33:35,54415
Ideal Cream Parlour,Ice Cream Parlour,Ice cream shop,Ice cream shop,796710,North Eastern Circle,North Eastern Region,Mizoram Division,"Bunghmun S.O, Darngawn 'W' B.O, Kawnpui 'W' B.O",+91 824 244 7870,https://www.idealicecream.com/,4.5,7156.0,"#13-4-542, GHS Rd, Bhavathi, Bunder, Mangaluru, Karnataka 575001","Bhavathi, Bunder",12.867500999999999,74.8406296,ChIJZarXAE1aozsRw6SRe81iT-M,https://www.google.com/maps/place/?q=place_id:ChIJZarXAE1aozsRw6SRe81iT-M,part_372,2026-09-20 20:33:35,54416
Iceberg enterprises,Ice Cream Parlour,Fast food restaurant,"Fast food restaurant, Bakery and Cake Shop",796710,North Eastern Circle,North Eastern Region,Mizoram Division,"Bunghmun S.O, Darngawn 'W' B.O, Kawnpui 'W' B.O",+91 83093 91741,http://www.cafeicemagic.com/,4.6,12728.0,"4th Ln, 4/5, Arundelpet, Guntur, Andhra Pradesh 522002","4/5, Arundelpet",16.3043655,80.44393699999999,ChIJnaLaj0N1SjoRXEfR_gx8LKA,https://www.google.com/maps/place/?q=place_id:ChIJnaLaj0N1SjoRXEfR_gx8LKA,part_372,2026-09-20 20:33:35,54417
Madurai Famous Jigarthanda LLP - Since 1977,Ice Cream Parlour,Ice cream shop,Ice cream shop,796710,North Eastern Circle,North Eastern Region,Mizoram Division,"Bunghmun S.O, Darngawn 'W' B.O, Kawnpui 'W' B.O",+91 95663 84878,http://mfjllp.com/,4.9,1023.0,"NO:40, 9, Thiruvottriyur High Rd, NGO Nagar Extension, Ponneri, Tamil Nadu 601204",NGO Nagar Extension,13.331476799999999,80.1944171,ChIJ4UzTorV5UjoRvwKbFNGz9Q4,https://www.google.com/maps/place/?q=place_id:ChIJ4UzTorV5UjoRvwKbFNGz9Q4,part_372,2026-09-20 20:33:36,54418
Cream Story,Ice Cream Parlour,Ice cream shop,Ice cream shop,796710,North Eastern Circle,North Eastern Region,Mizoram Division,"Bunghmun S.O, Darngawn 'W' B.O, Kawnpui 'W' B.O",+91 70922 22109,https://m.facebook.com/Cream-Story-444587399643523,4.5,2860.0,"63, Parthasarathy Koil 2nd street, Jawaharlal Nehru Salai, Thiru Vi Ka Industrial Estate, Ekkatuthangal, Chennai, Tamil Nadu 600032","Thiru Vi Ka Industrial Estate, Ekkatuthangal",13.0221748,80.2065109,ChIJMy5p_3lnUjoR-7ocBGa1fsM,https://www.google.com/maps/place/?q=place_id:ChIJMy5p_3lnUjoR-7ocBGa1fsM,part_372,2026-09-20 20:33:36,54419
Dumont Creamery,Ice Cream Parlour,Ice cream shop,Ice cream shop,796710,North Eastern Circle,North Eastern Region,Mizoram Division,"Bunghmun S.O, Darngawn 'W' B.O, Kawnpui 'W' B.O",+91 90870 12222,https://dumont.in/,4.3,288.0,"No 24/27, F block, 2nd Ave, Block F, Annanagar East, Chennai, Tamil Nadu 600102","Block F, Annanagar East",13.084706599999999,80.22119889999999,ChIJK8n3qqtlUjoRxDlcXk_Fdo0,https://www.google.com/maps/place/?q=place_id:ChIJK8n3qqtlUjoRxDlcXk_Fdo0,part_372,2026-09-20 20:33:36,54420
Siddhi Icecream & Thickshake,Ice Cream Parlour,Ice cream shop,Ice cream shop,796710,North Eastern Circle,North Eastern Region,Mizoram Division,"Bunghmun S.O, Darngawn 'W' B.O, Kawnpui 'W' B.O",+91 97269 25893,N/A,4.2,1036.0,"GF CK TOWAR, SARGAM SHOPPING CENTER B/S BARBEQUE RESATURANT, N/R, Surat - Dumas Rd, Parle Point, Somanath Society, Umra Gam, Athwa, Surat, Gujarat 395007","Parle Point, Somanath Society, Umra Gam, Athwa",21.1709726,72.7891666,ChIJWdPSew9O4DsRDvEebxtMseE,https://www.google.com/maps/place/?q=place_id:ChIJWdPSew9O4DsRDvEebxtMseE,part_372,2026-09-20 20:33:36,54421
Mercely's Ice Cream T.Nagar (SRPKAJ Merchants),Ice Cream Parlour,Ice cream shop,Ice cream shop,796710,North Eastern Circle,North Eastern Region,Mizoram Division,"Bunghmun S.O, Darngawn 'W' B.O, Kawnpui 'W' B.O",+91 63825 61020,http://mercelys.com/,4.7,101.0,"14, Sivaprakasam St, Tnagar, T. Nagar, Chennai, Tamil Nadu 600085","Tnagar, T. Nagar",13.038447099999999,80.2375033,ChIJdXQ1lEhnUjoR47hyPNVgNgk,https://www.google.com/maps/place/?q=place_id:ChIJdXQ1lEhnUjoR47hyPNVgNgk,part_372,2026-09-20 20:33:36,54422
Snofield,Ice Cream Parlour,Ice cream shop,"Ice cream shop, Cafe",796710,North Eastern Circle,North Eastern Region,Mizoram Division,"Bunghmun S.O, Darngawn 'W' B.O, Kawnpui 'W' B.O",+91 44 2811 6416,https://snofield.in/,4.2,194.0,"Amaravathi Complex, 1, Cathedral Rd, Parthasarathypuram, Gopalapuram, Chennai, Tamil Nadu 600086","Parthasarathypuram, Gopalapuram",13.045209799999999,80.2594352,ChIJb7U3LDdmUjoRNIzmpiNc2wc,https://www.google.com/maps/place/?q=place_id:ChIJb7U3LDdmUjoRNIzmpiNc2wc,part_372,2026-09-20 20:33:36,54423
Naturals Ice Cream,Ice Cream Parlour,Ice cream shop,"Ice cream shop, Sweet shop, Dessert restaurant, Dessert shop, Frozen dessert supplier",796710,North Eastern Circle,North Eastern Region,Mizoram Division,"Bunghmun S.O, Darngawn 'W' B.O, Kawnpui 'W' B.O",+91 98929 89762,https://naturalicecreams.in/,4.4,2382.0,"Ground Floor, G3 & G4, Golden Square Near Sargam Shopping Center, Shaheed Veer Bhagat Singh Flyover Brg, Athwa, Surat, Gujarat 395007","Somanath Society, Umra Gam, Athwa",21.1712521,72.7894456,ChIJg_hnIpFN4DsR1fC25l67ZrM,https://www.google.com/maps/place/?q=place_id:ChIJg_hnIpFN4DsR1fC25l67ZrM,part_372,2026-09-20 20:33:36,54424
ibaco - Selaiyur,Ice Cream Parlour,Ice cream shop,"Ice cream shop, Bakery and Cake Shop, Cake shop, Dessert shop",796710,North Eastern Circle,North Eastern Region,Mizoram Division,"Bunghmun S.O, Darngawn 'W' B.O, Kawnpui 'W' B.O",+91 80 4759 0283,https://www.hap.in/ibaco/,4.4,1825.0,"180, Velachery Main Rd, opp. ICICI Bank, Easwari Nagar, Selaiyur, Tambaram, Tamil Nadu 600073","Easwari Nagar, Selaiyur",12.9225944,80.1384961,ChIJRdj_vB5fUjoRemRiZ_2G4Ts,https://www.google.com/maps/place/?q=place_id:ChIJRdj_vB5fUjoRemRiZ_2G4Ts,part_372,2026-09-20 20:33:36,54425
URBAN SQUARE,Ice Cream Parlour,Ice cream shop,"Ice cream shop, Coffee shop, Food court",796710,North Eastern Circle,North Eastern Region,Mizoram Division,"Bunghmun S.O, Darngawn 'W' B.O, Kawnpui 'W' B.O",N/A,N/A,4.4,3062.0,"2653+6CJ, 4th Street, Ramapuram, Viralur, Mallika Nagar, Meenambakkam, St.Thomas Mount, Tamil Nadu 600016","Ramapuram, Viralur, Mallika Nagar, Meenambakkam",13.006836799999999,80.2030347,ChIJZ_c0Qy1fUjoR0IjEkywitHE,https://www.google.com/maps/place/?q=place_id:ChIJZ_c0Qy1fUjoR0IjEkywitHE,part_372,2026-09-20 20:33:36,54426
Falooda Nation | Thiruvalla,Ice Cream Parlour,Ice cream shop,Ice cream shop,796710,North Eastern Circle,North Eastern Region,Mizoram Division,"Bunghmun S.O, Darngawn 'W' B.O, Kawnpui 'W' B.O",+91 99952 28443,https://www.faloodanation.com/,4.5,,"Perumthuruthy, SH 1, Thiruvalla, Keralam 689107",796710,9.4077974,76.5585759,ChIJfaBL0nglBjsRwbOsAWd3E5Q,https://www.google.com/maps/place/?q=place_id:ChIJfaBL0nglBjsRwbOsAWd3E5Q,part_372,2026-09-20 20:33:37,54427
Peni Ice Candy - Pathanamthitta,Ice Cream Parlour,Ice cream shop,"Ice cream shop, Chocolate cafe, Chocolate shop, Sweets and dessert buffet, Dessert restaurant, Dessert shop, Frozen dessert supplier, Frozen food store, Indian sweets shop",796710,North Eastern Circle,North Eastern Region,Mizoram Division,"Bunghmun S.O, Darngawn 'W' B.O, Kawnpui 'W' B.O",+91 75938 37379,https://www.peniicecandy.com/stores/kerala/pathanamthitta/,4.7,,"9/45, 7QCJ+823 Peni ice candy, 5, Anchakala, Circle, Pathanamthitta Ring Rd, P.O, Chittoor, Pathanamthitta, Keralam 689645","P.O, Chittoor",9.270738699999999,76.7800396,ChIJ0TreCQAVBjsRYrEtCHqf6zo,https://www.google.com/maps/place/?q=place_id:ChIJ0TreCQAVBjsRYrEtCHqf6zo,part_372,2026-09-20 20:33:37,54428
Mahima Ice Cream Parlour,Ice Cream Parlour,Ice cream shop,Ice cream shop,796710,North Eastern Circle,North Eastern Region,Mizoram Division,"Bunghmun S.O, Darngawn 'W' B.O, Kawnpui 'W' B.O",+91 97999 11149,https://sites.google.com/view/mahima-ice-cream-parlour,5.0,,"near Chaman Hotel, opposite Agarwal Confectionery, Civil Lines, Nayapura, Kota, Kota Municipal Area, Rajasthan 324001","Civil Lines, Nayapura",25.201207399999998,75.8566038,ChIJwd9yUh6bbzkRwMv6n6D3L3A,https://www.google.com/maps/place/?q=place_id:ChIJwd9yUh6bbzkRwMv6n6D3L3A,part_372,2026-09-20 20:33:37,54429
La Heaven,Ice Cream Parlour,Pastry shop,Pastry shop,796710,North Eastern Circle,North Eastern Region,Mizoram Division,"Bunghmun S.O, Darngawn 'W' B.O, Kawnpui 'W' B.O",+91 88844 98877,http://laheaven.in/,4.5,,"SM fresh mart building, NTI Layout, Rajeev Gandhi Nagar, Rajiv Gandhi Nagar, Kodigehalli, Bengaluru, Karnataka 560092","Rajiv Gandhi Nagar, Kodigehalli",13.067672199999999,77.58046499999999,ChIJc0O_4x4ZrjsRKJf6HWGYL4g,https://www.google.com/maps/place/?q=place_id:ChIJc0O_4x4ZrjsRKJf6HWGYL4g,part_372,2026-09-20 20:33:37,54430
The Belgian Waffle Co,Ice Cream Parlour,Ice cream shop,"Ice cream shop, Cafe, Cake shop, Family restaurant, Dessert restaurant",796710,North Eastern Circle,North Eastern Region,Mizoram Division,"Bunghmun S.O, Darngawn 'W' B.O, Kawnpui 'W' B.O",+91 90810 81081,https://thebelgianwaffle.co/,4.2,,"PJ Paradise, 9-30-1, Balaji Nagar, Asilmetta, Visakhapatnam, Andhra Pradesh 530003","Balaji Nagar, Asilmetta",17.724353,83.3183851,ChIJMTYxWpZDOToRxnCuxMFkoi0,https://www.google.com/maps/place/?q=place_id:ChIJMTYxWpZDOToRxnCuxMFkoi0,part_372,2026-09-20 20:33:37,54431
Dairyman's Natural,Ice Cream Parlour,Ice cream shop,Ice cream shop,796710,North Eastern Circle,North Eastern Region,Mizoram Division,"Bunghmun S.O, Darngawn 'W' B.O, Kawnpui 'W' B.O",+91 93011 02936,N/A,4.1,,"55X7+JPX, The Central Market, Infront Of GYMC Ground, S.D Mandir Rd, Lashkar, Gwalior, Madhya Pradesh 474009","Roshni Ghar Mohalla, Lashkar",26.199105,78.1643581,ChIJjTsb0DHEdjkRgcoeolKoiiw,https://www.google.com/maps/place/?q=place_id:ChIJjTsb0DHEdjkRgcoeolKoiiw,part_372,2026-09-20 20:33:37,54432
Jt sweet melt,Ice Cream Parlour,Ice cream shop,Ice cream shop,796770,North Eastern Circle,North Eastern Region,Mizoram Division,"Chawngte S.O, Ajasora B.O, Borapansury B.O",N/A,N/A,,,"JJ7Q+47P, Kamalanagar IV, Kamalanagar, Mizoram 796770",Kamalanagar IV,22.6128493,92.6381947,ChIJnyxweABNTTcRY9D3kGuM27s,https://www.google.com/maps/place/?q=place_id:ChIJnyxweABNTTcRY9D3kGuM27s,part_372,2026-09-20 20:34:47,56522
SONA TONGCHANGYA,Ice Cream Parlour,Ice cream shop,Ice cream shop,796770,North Eastern Circle,North Eastern Region,Mizoram Division,"Chawngte S.O, Ajasora B.O, Borapansury B.O",+91 96122 32686,N/A,,,"MZ7AGL201900077 Chawngte Road, Longpuighat, Mizoram 796891",796770,22.3622645,92.6408148,ChIJO6mz1GS7sjARqDD3hs4HbzY,https://www.google.com/maps/place/?q=place_id:ChIJO6mz1GS7sjARqDD3hs4HbzY,part_372,2026-09-20 20:34:47,56523
Lotus ice cream kpt,Ice Cream Parlour,Ice cream shop,Ice cream shop,796810,North Eastern Circle,North Eastern Region,Mizoram Division,Sangau S.O,+91 98728 50109,N/A,4.7,83.0,"Lotus ice cream parlour, Kapurthala, Punjab 144601",796810,31.370293099999998,75.38127759999999,ChIJRcUmeeVJGjkR2n795ZzVRsc,https://www.google.com/maps/place/?q=place_id:ChIJRcUmeeVJGjkR2n795ZzVRsc,part_372,2026-09-20 20:35:53,58948
Naturals Ice Cream,Ice Cream Parlour,Ice cream shop,"Ice cream shop, Sweet shop, Dessert restaurant, Dessert shop, Frozen dessert supplier",796810,North Eastern Circle,North Eastern Region,Mizoram Division,Sangau S.O,+91 98672 51984,https://naturalicecreams.in/,4.6,9192.0,"Ground Floor, Aurobindo Market, G-1, Sri Aurobindo Marg, opposite IndusInd Bank ATM, Hauz Khas Market, Kharera, Hauz Khas, New Delhi, Delhi 110016","Hauz Khas Market, Kharera, Hauz Khas",28.551016399999998,77.20447419999999,ChIJ5Vi0Eg3iDDkR0GfqXOOagZg,https://www.google.com/maps/place/?q=place_id:ChIJ5Vi0Eg3iDDkR0GfqXOOagZg,part_372,2026-09-20 20:35:53,58949
Natural Fresh Icecream Amravati,Ice Cream Parlour,Ice cream shop,Ice cream shop,796810,North Eastern Circle,North Eastern Region,Mizoram Division,Sangau S.O,+91 90233 34444,N/A,3.7,182.0,"Badnera Rd, opp. Dhanwantari Hospital, near Dasara Maidan, Sharda Vihar, Amravati, Maharashtra 444605",Sharda Vihar,20.912649899999998,77.75268419999999,ChIJU8zASqGl1jsRFJSbHY9q1mg,https://www.google.com/maps/place/?q=place_id:ChIJU8zASqGl1jsRFJSbHY9q1mg,part_372,2026-09-20 20:35:53,58950
Softy Corner,Ice Cream Parlour,Ice cream shop,Ice cream shop,796810,North Eastern Circle,North Eastern Region,Mizoram Division,Sangau S.O,+91 172 406 9988,N/A,4.3,,"87-88, Jan Marg, Shopping Plaza, 17D, Sector 17, Chandigarh, 160017","Shopping Plaza, 17D, Sector 17",30.7406379,76.7815638,ChIJq6qqqgvtDzkRNkK7BkMVzW8,https://www.google.com/maps/place/?q=place_id:ChIJq6qqqgvtDzkRNkK7BkMVzW8,part_372,2026-09-20 20:35:54,58951
Milkberry(Rainbow Dairy Food Products),Ice Cream Parlour,Manufacturer,Manufacturer,796810,North Eastern Circle,North Eastern Region,Mizoram Division,Sangau S.O,+91 90629 59263,http://milkberry.in/,4.2,45.0,"Maderpore,Bizna, Naihati, Kolkata, Jetia, West Bengal 743166","Maderpore,Bizna, Naihati",22.9034928,88.4440942,ChIJ97r1i5iW-DkRpEcDvAW3QPk,https://www.google.com/maps/place/?q=place_id:ChIJ97r1i5iW-DkRpEcDvAW3QPk,part_372,2026-09-20 20:35:55,58952
Ice cream shop,Ice Cream Parlour,Ice cream shop,Ice cream shop,796891,North Eastern Circle,North Eastern Region,Mizoram Division,"Lawngtlai S.O, Balhlakawn B.O, Bungtlang 'S' B.O",N/A,N/A,5.0,1.0,"GVJX+W8C, Lawngtlai Bazar, Bazar Veng, Lawngtlai, Mizoram 796891","Lawngtlai Bazar, Bazar Veng",22.5324003,92.89853389999999,ChIJDYSY8YbNsjARhRWvEuS28Cs,https://www.google.com/maps/place/?q=place_id:ChIJDYSY8YbNsjARhRWvEuS28Cs,part_372,2026-09-20 20:36:28,60105
तानाजी नगर दत्त मंदिर जवळ,Ice Cream Parlour,Ice cream shop,Ice cream shop,796891,North Eastern Circle,North Eastern Region,Mizoram Division,"Lawngtlai S.O, Balhlakawn B.O, Bungtlang 'S' B.O",N/A,N/A,5.0,2.0,"4J3R+4W, Parva II, Mizoram 796891",796891,22.102788,92.64237299999999,ChIJK6KvPwCRsjARWEFJ4pBJXKs,https://www.google.com/maps/place/?q=place_id:ChIJK6KvPwCRsjARWEFJ4pBJXKs,part_372,2026-09-20 20:36:28,60106
Kc enterprises,Ice Cream Parlour,Ice cream shop,Ice cream shop,796891,North Eastern Circle,North Eastern Region,Mizoram Division,"Lawngtlai S.O, Balhlakawn B.O, Bungtlang 'S' B.O",N/A,N/A,,,"Lawngtlai Bazar, Bazar Veng, Lawngtlai, Mizoram 796891","Lawngtlai Bazar, Bazar Veng",22.5312061,92.8979047,ChIJiUBowiXNsjARZG0_Vz7rxwQ,https://www.google.com/maps/place/?q=place_id:ChIJiUBowiXNsjARZG0_Vz7rxwQ,part_372,2026-09-20 20:36:28,60107
Twin sisters,Ice Cream Parlour,Ice cream shop,"Ice cream shop, Chocolate shop, Frozen food store, Noodle shop",796891,North Eastern Circle,North Eastern Region,Mizoram Division,"Lawngtlai S.O, Balhlakawn B.O, Bungtlang 'S' B.O",+91 69094 98923,N/A,4.0,1.0,"near Rural Bank Vaihpi branch, Siaha, Mizoram 796901",796891,22.4893935,92.97500989999999,ChIJ_e-ctbrRsjARFHYwmKzaVXg,https://www.google.com/maps/place/?q=place_id:ChIJ_e-ctbrRsjARFHYwmKzaVXg,part_372,2026-09-20 20:36:28,60108
Sophia Ice Cream Dawr,Ice Cream Parlour,Store,Store,796891,North Eastern Circle,North Eastern Region,Mizoram Division,"Lawngtlai S.O, Balhlakawn B.O, Bungtlang 'S' B.O",N/A,N/A,4.0,,"Bazar, Lawngtlai Bazar, Bazar Veng, Lawngtlai, Mizoram 796891","Lawngtlai Bazar, Bazar Veng",22.5316129,92.898679,ChIJCcI6Y-rNsjARtnQR6mpAD00,https://www.google.com/maps/place/?q=place_id:ChIJCcI6Y-rNsjARtnQR6mpAD00,part_372,2026-09-20 20:36:30,60109
Polar Bear Ice Cream Sundaes - Kalaburagi,Ice Cream Parlour,Ice cream shop,"Ice cream shop, Sweet shop, Confectionery store, Sweets and dessert buffet, Frozen yogurt shop",796901,North Eastern Circle,North Eastern Region,Mizoram Division,"Pangkhua B.O, Laki B.O, Serkawr B.O",+91 84723 14260,http://www.polarbear.co.in/,4.6,3405.0,"corporation complex, 1-891, New Jewargi Rd, New Carporation Layout, Uday Nagar, Kalaburagi, Karnataka 585102","New Carporation Layout, Uday Nagar",17.313776999999998,76.8154363,ChIJbb8yspG_yDsRtrXPBYJwfpk,https://www.google.com/maps/place/?q=place_id:ChIJbb8yspG_yDsRtrXPBYJwfpk,part_372,2026-09-20 20:37:02,61070
Hmangaih zuala,Ice Cream Parlour,Bakery and Cake Shop,Bakery and Cake Shop,796901,North Eastern Circle,North Eastern Region,Mizoram Division,"Pangkhua B.O, Laki B.O, Serkawr B.O",N/A,N/A,,,"F2X8+74F, Siaha, Mizoram 796901",796901,22.4981802,93.0153122,ChIJ3Y4fdwDTsjAREULLRzrFPWM,https://www.google.com/maps/place/?q=place_id:ChIJ3Y4fdwDTsjAREULLRzrFPWM,part_372,2026-09-20 20:37:02,61071
ANDY ICE,Ice Cream Parlour,Ice cream shop,Ice cream shop,796901,North Eastern Circle,North Eastern Region,Mizoram Division,"Pangkhua B.O, Laki B.O, Serkawr B.O",N/A,N/A,,,"FXRG+42M, Siaha, Mizoram 796901",796901,22.4903576,92.9749532,ChIJccAgHUfRsjAR4Y3_ZMjob2o,https://www.google.com/maps/place/?q=place_id:ChIJccAgHUfRsjAR4Y3_ZMjob2o,part_372,2026-09-20 20:37:02,61072
Buza Scoopa,Ice Cream Parlour,Ice cream shop,Ice cream shop,796901,North Eastern Circle,North Eastern Region,Mizoram Division,"Pangkhua B.O, Laki B.O, Serkawr B.O",N/A,N/A,4.7,,"New Market, Mahatma Gandhi Marg, opposite Hotel Tashi Delek, Vishal Gaon, Gangtok, Sikkim 737101",Vishal Gaon,27.3259978,88.61209509999999,ChIJVdJ7TRWl5jkRZaQW9sy0TVs,https://www.google.com/maps/place/?q=place_id:ChIJVdJ7TRWl5jkRZaQW9sy0TVs,part_372,2026-09-20 20:37:02,61073
Polar Bear Ice Cream Sundaes - Malleshwaram,Ice Cream Parlour,Ice cream shop,"Ice cream shop, Sweet shop, Confectionery store, Sweets and dessert buffet, Frozen yogurt shop",796901,North Eastern Circle,North Eastern Region,Mizoram Division,"Pangkhua B.O, Laki B.O, Serkawr B.O",+91 80 4174 0707,http://www.polarbear.co.in/,4.6,,"14th Cross Rd, Malleshwaram, Bengaluru, Karnataka 560003",Malleshwaram,13.0044218,77.5707796,ChIJJWGrYS4WrjsRjgk5D4aeAP0,https://www.google.com/maps/place/?q=place_id:ChIJJWGrYS4WrjsRjgk5D4aeAP0,part_372,2026-09-20 20:37:02,61074
Naturals Ice Cream,Ice Cream Parlour,Ice cream shop,"Ice cream shop, Sweet shop, Dessert restaurant, Dessert shop, Frozen dessert supplier",796901,North Eastern Circle,North Eastern Region,Mizoram Division,"Pangkhua B.O, Laki B.O, Serkawr B.O",+91 94811 32145,https://naturalicecreams.in/,4.5,,"Shop No.2, Margosa Building, 13th Cross Road, Margosa Rd, opp. City Union Bank, Malleshwaram, Bengaluru, Karnataka 560003",Malleshwaram,13.003554099999999,77.56946669999999,ChIJmYCoOioWrjsR9NYCA-BbgPY,https://www.google.com/maps/place/?q=place_id:ChIJmYCoOioWrjsR9NYCA-BbgPY,part_372,2026-09-20 20:37:02,61075
Penguins Ice Cream @ Vijaynagar,Ice Cream Parlour,Ice cream shop,Ice cream shop,796901,North Eastern Circle,North Eastern Region,Mizoram Division,"Pangkhua B.O, Laki B.O, Serkawr B.O",+91 91080 83107,https://penguinsicecreams.com/,4.7,,"597/A, 597a, 8th Main Rd, CHBS Layout, MC Layout, Vijayanagar, Bengaluru, Karnataka 560040","CHBS Layout, MC Layout, Vijayanagar",12.973317999999999,77.53752109999999,ChIJQ1pzAwA9rjsRfXbaC9knvTI,https://www.google.com/maps/place/?q=place_id:ChIJQ1pzAwA9rjsRfXbaC9knvTI,part_372,2026-09-20 20:37:03,61076
Frozen Coast,Ice Cream Parlour,Ice cream shop,"Ice cream shop, Event venue",796901,North Eastern Circle,North Eastern Region,Mizoram Division,"Pangkhua B.O, Laki B.O, Serkawr B.O",+91 98455 65964,http://www.defrozencoastcafe.com/,4.2,,"135, 14th Main Rd, near Bridge, 17th Cross, Malleshwaram, Bengaluru, Karnataka 560055","17th Cross, Malleshwaram",13.0075449,77.5608948,ChIJwfsoiYA9rjsR_mKZO5iK2tY,https://www.google.com/maps/place/?q=place_id:ChIJwfsoiYA9rjsR_mKZO5iK2tY,part_372,2026-09-20 20:37:03,61077
N.R. Ice Cream Parlour And Restaurant,Ice Cream Parlour,Ice cream shop,"Ice cream shop, Fast food restaurant, Restaurant",796901,North Eastern Circle,North Eastern Region,Mizoram Division,"Pangkhua B.O, Laki B.O, Serkawr B.O",+91 98296 10587,N/A,4.1,,"shop no-b, Janta Store Circle, 38, University Marg, Bapu Nagar, Jaipur, Rajasthan 302015",Bapu Nagar,26.8898819,75.81031639999999,ChIJp2o0vDm0bTkRrz3FgINghfQ,https://www.google.com/maps/place/?q=place_id:ChIJp2o0vDm0bTkRrz3FgINghfQ,part_372,2026-09-20 20:37:03,61078
Naturals Ice Cream,Ice Cream Parlour,Ice cream shop,"Ice cream shop, Sweet shop, Dessert restaurant, Dessert shop, Frozen dessert supplier",796901,North Eastern Circle,North Eastern Region,Mizoram Division,"Pangkhua B.O, Laki B.O, Serkawr B.O",+91 80736 56143,https://naturalicecreams.in/,4.5,,"Shop No-48,2nd Block, 3rd Stage, 1st Main Rd, Rajaji Nagar Industrial Town, Basaveshwar Nagar, Bengaluru, Karnataka 560079","Rajaji Nagar Industrial Town, Basaveshwar Nagar",12.985372199999999,77.543122,ChIJD_PXE-s9rjsRL12wS65CW3U,https://www.google.com/maps/place/?q=place_id:ChIJD_PXE-s9rjsRL12wS65CW3U,part_372,2026-09-20 20:37:03,61079
Nathu Ram Fresh Juice&ice Cream,Ice Cream Parlour,Juice shop,Juice shop,796901,North Eastern Circle,North Eastern Region,Mizoram Division,"Pangkhua B.O, Laki B.O, Serkawr B.O",+91 95714 86424,N/A,4.8,,"fort Parking, Dhibba Para, Jaisalmer, Rajasthan 345001","Dhibba Para, Amar Sagar Pol",26.9119237,70.9151665,ChIJTWRIiCW8RzkROIfjoZoXtkk,https://www.google.com/maps/place/?q=place_id:ChIJTWRIiCW8RzkROIfjoZoXtkk,part_372,2026-09-20 20:37:03,61080
Towé Ice Cream,Ice Cream Parlour,Ice cream shop,Ice cream shop,797001,North Eastern Circle,North Eastern Region,Nagaland Division,Kohima H.O,+91 90892 46752,https://www.instagram.com/towe_icecream?igsh=MTdsM28xbHR3cXQ3Mg==&utm_source=qr,4.9,15.0,"Towé Ice Cream, Central Plaza, food court, P.R. Hill, Kohima, Nagaland 797001",P.R. Hill,25.6596647,94.09930489999999,ChIJGfGi4W0hRjcR0LNPkxW7LoM,https://www.google.com/maps/place/?q=place_id:ChIJGfGi4W0hRjcR0LNPkxW7LoM,part_372,2026-09-20 20:37:34,62301
Giani ice cream,Ice Cream Parlour,Ice cream shop,Ice cream shop,797001,North Eastern Circle,North Eastern Region,Nagaland Division,Kohima H.O,+91 82599 04428,N/A,4.7,3.0,"M4C4+6RC, D C Office Rd, Kohima, Nagaland 797001",797001,25.670551399999997,94.1070259,ChIJRQpZWAAhRjcRzbUpysetI9w,https://www.google.com/maps/place/?q=place_id:ChIJRQpZWAAhRjcRzbUpysetI9w,part_372,2026-09-20 20:37:34,62302
Baskin Robbins,Ice Cream Parlour,Ice cream shop,"Ice cream shop, Dessert shop",797001,North Eastern Circle,North Eastern Region,Nagaland Division,Kohima H.O,+91 70053 23576,https://baskinrobbinsindia.com/pages/store-locator?utm_source=gmb&utm_medium=search&utm_campaign=storefootfall,4.1,17.0,"Mengu shop number-1, solo complex, directorate of prisons 2, Jail Road, opppsite, Jail Colony, Kohima, Nagaland 797120","opppsite, Jail Colony",25.657112299999998,94.095688,ChIJaW6tcJchRjcRtQmeS-hz8xo,https://www.google.com/maps/place/?q=place_id:ChIJaW6tcJchRjcRtQmeS-hz8xo,part_372,2026-09-20 20:37:34,62303
Cocoberry,Ice Cream Parlour,Ice cream shop,Ice cream shop,797001,North Eastern Circle,North Eastern Region,Nagaland Division,Kohima H.O,N/A,N/A,3.4,5.0,"M4F5+C5G, Peracieze, High School Area, Nagaland 797001",797001,25.6735549,94.107953,ChIJp8aPmVwhRjcRg4qrhEXykx4,https://www.google.com/maps/place/?q=place_id:ChIJp8aPmVwhRjcRg4qrhEXykx4,part_372,2026-09-20 20:37:34,62304
Baskin Robbins,Ice Cream Parlour,Ice cream shop,"Ice cream shop, Dessert shop",797001,North Eastern Circle,North Eastern Region,Nagaland Division,Kohima H.O,+91 70053 23576,https://baskinrobbinsindia.com/pages/store-locator?utm_source=gmb&utm_medium=search&utm_campaign=storefootfall,2.8,4.0,"Razhü point, Ward 5, Kitsubozou Colony, Kohima, Nagaland 797001","Ward 5, Kitsubozou Colony",25.6744481,94.108706,ChIJY9GK0EIhRjcRkyZn54MppLM,https://www.google.com/maps/place/?q=place_id:ChIJY9GK0EIhRjcRkyZn54MppLM,part_372,2026-09-20 20:37:34,62305
Frosty Punch Icecream,Ice Cream Parlour,Ice cream shop,Ice cream shop,797001,North Eastern Circle,North Eastern Region,Nagaland Division,Kohima H.O,+91 94364 05946,N/A,,,"Ceiba Guest House Building, below NST Garage Road, Chazou, Lerie Colony, Kohima, Nagaland 797001","Chazou, Lerie Colony",25.648034,94.1086557,ChIJga4678YhRjcRdXEfyETE3F8,https://www.google.com/maps/place/?q=place_id:ChIJga4678YhRjcRdXEfyETE3F8,part_372,2026-09-20 20:37:34,62306
Great Britain Waffle,Ice Cream Parlour,Dessert shop,"Dessert shop, Cake shop, Coffee shop, Pancake restaurant",797001,North Eastern Circle,North Eastern Region,Nagaland Division,Kohima H.O,N/A,https://www.greatbritainwaffle.com/,5.0,1.0,"Room 29, 5th Floor, Central Plaza, P.R. Hill, Kohima, Nagaland 797001",P.R. Hill,25.6595387,94.0991945,ChIJ3VRSvYMhRjcReJxJz5QSNZ4,https://www.google.com/maps/place/?q=place_id:ChIJ3VRSvYMhRjcReJxJz5QSNZ4,part_372,2026-09-20 20:37:34,62307
Baskin-Robbins,Ice Cream Parlour,Ice cream shop,Ice cream shop,797001,North Eastern Circle,North Eastern Region,Nagaland Division,Kohima H.O,N/A,https://baskinrobbinsindia.com/pages/store-locator,,,"M4F5+P99 R K & Sons, Jail Road, Kohima, Nagaland 797005",797001,25.6742837,94.10849759999999,ChIJLduZRaAhRjcRXawsqOrcfq4,https://www.google.com/maps/place/?q=place_id:ChIJLduZRaAhRjcRXawsqOrcfq4,part_372,2026-09-20 20:37:34,62308
Kindred,Ice Cream Parlour,Coffee shop,Coffee shop,797001,North Eastern Circle,North Eastern Region,Nagaland Division,Kohima H.O,N/A,N/A,4.2,37.0,"M4W3+7M7, New Secretariat Rd, Kohima, Nagaland 797001",797001,25.6956176,94.1041721,ChIJc2SBn2ohRjcRJ8NdH1wdGqo,https://www.google.com/maps/place/?q=place_id:ChIJc2SBn2ohRjcRJ8NdH1wdGqo,part_372,2026-09-20 20:37:34,62309
Lassi Point,Ice Cream Parlour,Coffee shop,Coffee shop,797001,North Eastern Circle,North Eastern Region,Nagaland Division,Kohima H.O,N/A,N/A,4.8,5.0,"M4R2+9CV, New Secretariat Rd, Lower Bayavü Hill, Kohima, Nagaland 797001",Lower Bayavü Hill,25.6909811,94.10105,ChIJMV-yyawhRjcRXG9H34r1jfw,https://www.google.com/maps/place/?q=place_id:ChIJMV-yyawhRjcRXG9H34r1jfw,part_372,2026-09-20 20:37:34,62310
Viko Khawakhrie,Ice Cream Parlour,Ice cream shop,Ice cream shop,797002,North Eastern Circle,North Eastern Region,Nagaland Division,"Kohima Science College S.O, Jotsoma B.O, Khonoma B.O",N/A,N/A,,,"M2J6+JPM, Kiruphema Basa, Nagaland 797106",797002,25.6815808,94.011793,ChIJjclqhKAfRjcRKZ14McryfbY,https://www.google.com/maps/place/?q=place_id:ChIJjclqhKAfRjcRKZ14McryfbY,part_372,2026-09-20 20:38:08,64538
The needs bakery,Ice Cream Parlour,Ice cream shop,Ice cream shop,797002,North Eastern Circle,North Eastern Region,Nagaland Division,"Kohima Science College S.O, Jotsoma B.O, Khonoma B.O",N/A,N/A,,,"M38X+5R8, Officers Hill, Kohima, Nagaland 797001",Officers Hill,25.6654043,94.09957779999999,ChIJT8TTPQAhRjcRjmI9WO4Qt6A,https://www.google.com/maps/place/?q=place_id:ChIJT8TTPQAhRjcRjmI9WO4Qt6A,part_372,2026-09-20 20:38:08,64539
Mad Moose - Artisan Gelato,Ice Cream Parlour,Ice cream shop,"Ice cream shop, Cafe",797004,North Eastern Circle,North Eastern Region,Nagaland Division,"New Sectt Complex S.O, Thizama B.O",+91 97789 86481,https://madmoose.in/,4.6,1427.0,"1728/3586, Plot No 516, KIIT Rd, near Biggies Burger, Patia, Bhubaneswar, Odisha 751024",Patia,20.3530956,85.824682,ChIJzzKl0z8JGToRPNYdhKOKlWs,https://www.google.com/maps/place/?q=place_id:ChIJzzKl0z8JGToRPNYdhKOKlWs,part_372,2026-09-20 20:39:17,66634
Classic Ice Cream,Ice Cream Parlour,Ice cream shop,Ice cream shop,797004,North Eastern Circle,North Eastern Region,Nagaland Division,"New Sectt Complex S.O, Thizama B.O",+91 76195 24838,N/A,4.3,464.0,"Indira Gandhi Rd, Pension Mohalla, Chikkamagaluru, Karnataka 577101",Pension Mohalla,13.3224296,75.7719588,ChIJg-b7smTXujsRWrG0JP6aAxQ,https://www.google.com/maps/place/?q=place_id:ChIJg-b7smTXujsRWrG0JP6aAxQ,part_372,2026-09-20 20:39:17,66635
Polar Bear Ice Cream Sundaes - Chikkamagaluru,Ice Cream Parlour,Ice cream shop,"Ice cream shop, Sweet shop, Confectionery store, Sweets and dessert buffet, Frozen yogurt shop",797004,North Eastern Circle,North Eastern Region,Nagaland Division,"New Sectt Complex S.O, Thizama B.O",+91 90082 27079,https://polarbear.co.in/store-locator/,4.7,2192.0,"NO.11, MES COMPLEX, RG Rd, Vijayapura, Chikkamagaluru, Karnataka 577101",Vijayapura,13.325426199999999,75.77240599999999,ChIJr5dt3vfZujsRKuVse5QO_Fk,https://www.google.com/maps/place/?q=place_id:ChIJr5dt3vfZujsRKuVse5QO_Fk,part_372,2026-09-20 20:39:17,66636
Cream and Fudge MEI Layout,Ice Cream Parlour,Ice cream shop,Ice cream shop,797004,North Eastern Circle,North Eastern Region,Nagaland Division,"New Sectt Complex S.O, Thizama B.O",N/A,https://creamandfudge.in/,4.8,287.0,"373, MEI Layout, Bagalagunte, Bengaluru, Karnataka 560073","MEI Layout, Bagalagunte",13.060394599999999,77.5030654,ChIJKU4lXEgjrjsRT5JITbsjoPc,https://www.google.com/maps/place/?q=place_id:ChIJKU4lXEgjrjsRT5JITbsjoPc,part_372,2026-09-20 20:39:17,66637
Polar Bear Ice Cream Sundaes - HMT Layout,Ice Cream Parlour,Ice cream shop,Ice cream shop,797004,North Eastern Circle,North Eastern Region,Nagaland Division,"New Sectt Complex S.O, Thizama B.O",+91 98800 17279,https://polarbear.co.in/,4.9,4226.0,"NO. 291, GROUND FLOOR, 2ND MAIN ROAD, H M T LAYOUT, next to KOTAK BANK, Nellagadaranahalli, Nagasandra, Bengaluru, Karnataka 560073","Nellagadaranahalli, Gopal Nagar, Venugopal Nagar, Nagasandra",13.0339684,77.50299059999999,ChIJvfTd-Sw9rjsRf4pThb57kNA,https://www.google.com/maps/place/?q=place_id:ChIJvfTd-Sw9rjsRf4pThb57kNA,part_372,2026-09-20 20:39:17,66638
Rock Stone Ice Cream Factory,Ice Cream Parlour,Ice cream shop,"Ice cream shop, Cake shop, Dessert shop, Momo restaurant, Pizza takeaway, Restaurant, Sandwich shop",797004,North Eastern Circle,North Eastern Region,Nagaland Division,"New Sectt Complex S.O, Thizama B.O",+91 97877 51142,https://l.facebook.com/l.php?u=http%3A%2F%2Fwww.rockstoneicecream.com%2F&h=AUD7y6B2riw_69MT-yBiQptpiCxLrvML5ADz9cDkCjVCK9P8SS0tDuv_6h19lWaXCIeZW3G4_5-4RXQc1RiNg-60zb_tA2rDPdeBEMcfObHAwFoawFAZ4gH4BSSi26Pbi9j62kGRKo8MB_qqbOUD9Q,4.2,493.0,"Ground Floor, Mayflower Valencia, 336/2, Avinashi Rd, near Nava India Signal, Peelamedu, NavaIndia, Coimbatore, Tamil Nadu 641037","Peelamedu, NavaIndia",11.0190682,76.991,ChIJL2EZA-9YqDsRkxUY8K5qfpg,https://www.google.com/maps/place/?q=place_id:ChIJL2EZA-9YqDsRkxUY8K5qfpg,part_372,2026-09-20 20:39:17,66639
Arun Ice-Creams,Ice Cream Parlour,Ice cream shop,Ice cream shop,797004,North Eastern Circle,North Eastern Region,Nagaland Division,"New Sectt Complex S.O, Thizama B.O",+91 99944 56177,N/A,4.3,322.0,"2a, NSR Rd, Chinthamani Nagar, Saibaba Colony, Coimbatore, Tamil Nadu 641011","Chinthamani Nagar, Saibaba Colony",11.0258566,76.9406817,ChIJGxkXVuhYqDsR4AW8o-p7MWg,https://www.google.com/maps/place/?q=place_id:ChIJGxkXVuhYqDsR4AW8o-p7MWg,part_372,2026-09-20 20:39:17,66640
SHREE KULFI,Ice Cream Parlour,Ice cream shop,"Ice cream shop, Dessert shop",797004,North Eastern Circle,North Eastern Region,Nagaland Division,"New Sectt Complex S.O, Thizama B.O",+91 98422 10920,N/A,4.5,1257.0,"133B, W Ponnurangam Rd, west, R.S. Puram, Coimbatore, Tamil Nadu 641002","west, R.S. Puram",11.011316599999999,76.95008,ChIJhVhXCB1ZqDsRaDKFPtquEx0,https://www.google.com/maps/place/?q=place_id:ChIJhVhXCB1ZqDsRaDKFPtquEx0,part_372,2026-09-20 20:39:17,66641
Glaicier Park,Ice Cream Parlour,Ice cream shop,Ice cream shop,797004,North Eastern Circle,North Eastern Region,Nagaland Division,"New Sectt Complex S.O, Thizama B.O",+91 97866 66661,N/A,4.1,1435.0,"158 New 1001, Cross Cut Rd, Gandhipuram, Coimbatore, Tamil Nadu 641012",797004,11.0172549,76.9661892,ChIJIeajo1VYqDsR6uzj1h1e5cM,https://www.google.com/maps/place/?q=place_id:ChIJIeajo1VYqDsR6uzj1h1e5cM,part_372,2026-09-20 20:39:17,66642
Richy Rich,Ice Cream Parlour,Ice cream shop,"Ice cream shop, Fast food restaurant",797004,North Eastern Circle,North Eastern Region,Nagaland Division,"New Sectt Complex S.O, Thizama B.O",+91 63799 09860,N/A,4.4,,"56, Race Course Rd, near Income Tax, Race Course, Gopalapuram, Coimbatore, Tamil Nadu 641018","Race Course, Gopalapuram",10.9984267,76.9765278,ChIJ7bnrraRZqDsR9Dr5xKSX8qk,https://www.google.com/maps/place/?q=place_id:ChIJ7bnrraRZqDsR9Dr5xKSX8qk,part_372,2026-09-20 20:39:18,66643
The Frozen Stick RS Puram,Ice Cream Parlour,Restaurant,Restaurant,797004,North Eastern Circle,North Eastern Region,Nagaland Division,"New Sectt Complex S.O, Thizama B.O",+91 82486 30848,https://www.instagram.com/the_frozenstick?igsh=Z2R6NW1vaDNxbGIx,4.5,,"12a, Diwan Bahadur Rd, R.S. Puram, Coimbatore, Tamil Nadu 641002",R.S. Puram,11.009804599999999,76.9532882,ChIJ722cLgBZqDsRyUys7vWiXik,https://www.google.com/maps/place/?q=place_id:ChIJ722cLgBZqDsRyUys7vWiXik,part_372,2026-09-20 20:39:18,66644
"Cool Everest Ice Cream Manufacturers - kukatpally , Hyderabad",Ice Cream Parlour,Manufacturer,"Manufacturer, Ice cream shop",797004,North Eastern Circle,North Eastern Region,Nagaland Division,"New Sectt Complex S.O, Thizama B.O",+91 90323 30555,https://www.cooleverest.in/,5.0,682.0,"MIG-H-60, APHB Colony, Kukatpally, Hyderabad, Telangana 500072","APHB Colony, Kukatpally",17.4822576,78.406914,ChIJccftKHuRyzsRXNutGAOCnqc,https://www.google.com/maps/place/?q=place_id:ChIJccftKHuRyzsRXNutGAOCnqc,part_372,2026-09-20 20:39:18,66645
Hard & Soft Serve 2133,Ice Cream Parlour,Ice cream shop,Ice cream shop,797006,North Eastern Circle,North Eastern Region,Nagaland Division,"Jakhama S.O, Khuzama B.O, Kigwema B.O",+91 98626 68092,N/A,,,"Vero Complex, below SBI, Pfutsero, Nagaland 797107",797006,25.571613499999998,94.3031951,ChIJ29buzj2DSDcR3V_mH_S_OXU,https://www.google.com/maps/place/?q=place_id:ChIJ29buzj2DSDcR3V_mH_S_OXU,part_372,2026-09-20 20:39:50,67975
GOLDEN ICE CREAM AGENCY,Ice Cream Parlour,Ice cream shop,Ice cream shop,797006,North Eastern Circle,North Eastern Region,Nagaland Division,"Jakhama S.O, Khuzama B.O, Kigwema B.O",+91 612 227 0048,https://www.goldenicecream.in/Distributor-List,3.6,7.0,"J4F4+5CV, New Patliputra Colony, Patliputra Colony, Patna, Bihar 800013","New Patliputra Colony, Patliputra Colony",25.6229765,85.1060579,ChIJx9l5iZ1X7TkRCJQ-MYfHu1c,https://www.google.com/maps/place/?q=place_id:ChIJx9l5iZ1X7TkRCJQ-MYfHu1c,part_372,2026-09-20 20:39:52,67976
CRAZY ICE-CREAM,Ice Cream Parlour,Ice cream shop,"Ice cream shop, Dessert shop, Manufacturer",797006,North Eastern Circle,North Eastern Region,Nagaland Division,"Jakhama S.O, Khuzama B.O, Kigwema B.O",+91 80078 69028,http://www.crazyicecream.in/,4.6,405.0,"Plot No. 16, Madhavnagar Road, Vasantdada Industrial Estate, Sangli, Sangli Miraj Kupwad, Maharashtra 416416",Vasantdada Industrial Estate,16.8775826,74.58473169999999,ChIJdVs5uwUYwTsR6PVvKCphjmI,https://www.google.com/maps/place/?q=place_id:ChIJdVs5uwUYwTsR6PVvKCphjmI,part_372,2026-09-20 20:39:52,67977
Nandini ice cream and milk parlour,Ice Cream Parlour,Ice cream shop,Ice cream shop,797006,North Eastern Circle,North Eastern Region,Nagaland Division,"Jakhama S.O, Khuzama B.O, Kigwema B.O",+91 80666 60000,https://www.kmfnandini.coop/en/our-product/25,4.0,2.0,"691/102, Bhagath singh ನಗರ, 2nd Cross, Nittuvalli, Davangere, Karnataka 577002","Bhagat Singh Nagar, Nittuvalli",14.4576082,75.9253523,ChIJI25b_solujsRXhlcPMThxOU,https://www.google.com/maps/place/?q=place_id:ChIJI25b_solujsRXhlcPMThxOU,part_372,2026-09-20 20:39:52,67978
Dolphin Softy Ice Cream,Ice Cream Parlour,Ice cream shop,Ice cream shop,797099,North Eastern Circle,North Eastern Region,Nagaland Division,Bhandari S.O,+91 70105 06932,N/A,5.0,1.0,"Shop No 11, Golaghat - Kachomari Rd, Gelabil, Golaghat, Assam 785602",797099,26.2447268,93.97142079999999,ChIJAXspYM5lRjcR0Tz96IXNiJ4,https://www.google.com/maps/place/?q=place_id:ChIJAXspYM5lRjcR0Tz96IXNiJ4,part_372,2026-09-20 20:40:26,69540
60s Retro Café,Ice Cream Parlour,Cafe,"Cafe, Coffee store, Hotel",797099,North Eastern Circle,North Eastern Region,Nagaland Division,Bhandari S.O,+91 70052 17616,N/A,4.3,48.0,"Tsumang Rd, Wokha, Nagaland 797111",797099,26.095044899999998,94.2566707,ChIJhd5NNxRPRjcR28iHI0eN00s,https://www.google.com/maps/place/?q=place_id:ChIJhd5NNxRPRjcR28iHI0eN00s,part_372,2026-09-20 20:40:26,69541
গোলাঘাটা,Ice Cream Parlour,Ice cream shop,Ice cream shop,797099,North Eastern Circle,North Eastern Region,Nagaland Division,Bhandari S.O,N/A,N/A,,,"FX5Q+84W, Borphukah Khat, Assam 785702",797099,26.4583551,93.9878427,ChIJoRqwOgCNRjcRwHJei-21cA0,https://www.google.com/maps/place/?q=place_id:ChIJoRqwOgCNRjcRwHJei-21cA0,part_372,2026-09-20 20:40:26,69542
Deben kumar,Ice Cream Parlour,Ice cream shop,Ice cream shop,797099,North Eastern Circle,North Eastern Region,Nagaland Division,Bhandari S.O,+91 60018 22535,N/A,,,"kancha house 8, Bidyapur, Assam 785601",797099,26.0841745,93.9483245,ChIJl-BH_FJvRjcRraqJ2Q_IKcI,https://www.google.com/maps/place/?q=place_id:ChIJl-BH_FJvRjcRraqJ2Q_IKcI,part_372,2026-09-20 20:40:26,69543
AMUL ice cream parlour,Ice Cream Parlour,Ice cream shop,Ice cream shop,797099,North Eastern Circle,North Eastern Region,Nagaland Division,Bhandari S.O,+91 1800 258 3333,https://amul.com/,,,"37V5+8J8, Wokha, Nagaland 797111",797099,26.0932767,94.259067,ChIJZW2G855PRjcR7ESSWbEOuRc,https://www.google.com/maps/place/?q=place_id:ChIJZW2G855PRjcR7ESSWbEOuRc,part_372,2026-09-20 20:40:26,69544
KUSHAL ICECREAM PARLOUR,Ice Cream Parlour,Ice cream shop,Ice cream shop,797099,North Eastern Circle,North Eastern Region,Nagaland Division,Bhandari S.O,N/A,N/A,,,"Shop No 07, betoni gaon, Mokreng Habi, Assam 785631",betoni gaon,26.443405499999997,94.100217,ChIJZYn6pSf1RjcR9rBuwmNw_Ek,https://www.google.com/maps/place/?q=place_id:ChIJZYn6pSf1RjcR9rBuwmNw_Ek,part_372,2026-09-20 20:40:26,69545
KRISHNA ICECREAM PARLOUR,Ice Cream Parlour,Ice cream shop,Ice cream shop,797099,North Eastern Circle,North Eastern Region,Nagaland Division,Bhandari S.O,+91 80554 11634,N/A,,,"Shop No 21 Socialist Mokreng Habi Socialist, Mokreng Habi, Assam 785631",797099,26.443410399999998,94.1002171,ChIJFxvEHA71RjcRlv9AzRUp2yM,https://www.google.com/maps/place/?q=place_id:ChIJFxvEHA71RjcRlv9AzRUp2yM,part_372,2026-09-20 20:40:26,69546
Shree Satyanarayan Ice Cream,Ice Cream Parlour,Restaurant,Restaurant,797099,North Eastern Circle,North Eastern Region,Nagaland Division,Bhandari S.O,+91 94090 11910,N/A,4.5,3781.0,"GWXJ+QFV, opp. Manish Corner, Mahadev Area, Vallabh Vidyanagar, Anand, Gujarat 388120","Mahadev Area, Vallabh Vidyanagar",22.549854699999997,72.9311735,ChIJP6TcMnZOXjkRBwjhkXLku3Y,https://www.google.com/maps/place/?q=place_id:ChIJP6TcMnZOXjkRBwjhkXLku3Y,part_372,2026-09-20 20:40:26,69547
Kolahji icecream (yazdan colddrink house),Ice Cream Parlour,Ice cream shop,Ice cream shop,797099,North Eastern Circle,North Eastern Region,Nagaland Division,Bhandari S.O,+91 2637 231 577,N/A,4.7,413.0,"Mota Bazar, Tower Rd, Navsari, Gujarat 396445",Madhumati Colony,20.9550844,72.9294397,ChIJAUYtubj34DsREAGq7Z7a0zA,https://www.google.com/maps/place/?q=place_id:ChIJAUYtubj34DsREAGq7Z7a0zA,part_372,2026-09-20 20:40:26,69548
Ice Age Creamery,Ice Cream Parlour,Ice cream shop,"Ice cream shop, Dessert restaurant, Dessert shop, Sundae restaurant",797099,North Eastern Circle,North Eastern Region,Nagaland Division,Bhandari S.O,+91 73966 63154,https://www.instagram.com/iceage.creamery/,4.6,264.0,"Krishna Nagar Main Rd, Beside Paradise, Brundavan Gardens, 1, St Line, Krishna Nagar, Guntur, Andhra Pradesh 522006",Krishna Nagar,16.3125105,80.422224,ChIJG42ZTGl1SjoRJ9PJdgOdqAM,https://www.google.com/maps/place/?q=place_id:ChIJG42ZTGl1SjoRJ9PJdgOdqAM,part_372,2026-09-20 20:40:26,69549
Cool Treat Ice Creams,Ice Cream Parlour,Ice cream shop,"Ice cream shop, Dessert shop",797099,North Eastern Circle,North Eastern Region,Nagaland Division,Bhandari S.O,N/A,N/A,5.0,20.0,"6th, Amaravati Rd, Bharathpet, Mallikarjunpet, Guntur, Andhra Pradesh 522002","Bharathpet, Mallikarjunpet",16.313854,80.4379847,ChIJqWVQsE11SjoRu5RkSxWfmKs,https://www.google.com/maps/place/?q=place_id:ChIJqWVQsE11SjoRu5RkSxWfmKs,part_372,2026-09-20 20:40:26,69550
SOMABHAI ICE CREAM PETLAD,Ice Cream Parlour,Restaurant,Restaurant,797099,North Eastern Circle,North Eastern Region,Nagaland Division,Bhandari S.O,+91 94286 60554,N/A,4.2,98.0,"Radhe 2 Complex, College Chowkdi Road, Sarvodaya Society, Nagarkuva, Petlad, Gujarat 388450","Sarvodaya Society, Nagarkuva",22.4767702,72.80766849999999,ChIJzZV1VoJUXjkRFTB0j6AH190,https://www.google.com/maps/place/?q=place_id:ChIJzZV1VoJUXjkRFTB0j6AH190,part_372,2026-09-20 20:40:26,69551
Giani's,Ice Cream Parlour,Ice cream shop,Ice cream shop,797099,North Eastern Circle,North Eastern Region,Nagaland Division,Bhandari S.O,+91 73185 97646,https://www.gianisicecream.com/stores/,4.2,94.0,"Tashkent Marg, Agnipath Colony, Civil Lines, Prayagraj, Uttar Pradesh 211001","Agnipath Colony, Civil Lines",25.4558543,81.8338787,ChIJIYbQld3LmjkRSN8f2Vh9B9o,https://www.google.com/maps/place/?q=place_id:ChIJIYbQld3LmjkRSN8f2Vh9B9o,part_372,2026-09-20 20:40:26,69552
Santushti Shakes Private Limited (Manufacturing Plant),Ice Cream Parlour,Ice cream shop,"Ice cream shop, Dessert shop, Food manufacturer",797099,North Eastern Circle,North Eastern Region,Nagaland Division,Bhandari S.O,+91 99241 98933,http://www.santushtishakes.com/,4.3,79.0,"Sardar Industrial Estate, Plot No E-81/1, Road No 3, Ajwa Rd, Vadodara, Gujarat 390019","Bhagya Laxmi Nagar, Sardar Estate, Sayaji Park Society",22.315363599999998,73.2350263,ChIJodpyV4PPXzkRJVE0IFrtSLk,https://www.google.com/maps/place/?q=place_id:ChIJodpyV4PPXzkRJVE0IFrtSLk,part_372,2026-09-20 20:40:27,69553
Dairy Don,Ice Cream Parlour,Ice cream shop,Ice cream shop,797099,North Eastern Circle,North Eastern Region,Nagaland Division,Bhandari S.O,+91 91726 88464,http://www.dairydon.net/,4.4,5222.0,"College Rd, Nashik, Maharashtra 422005",797099,20.0058643,73.7643557,ChIJUWhyopvr3TsRJeg24R0bCQQ,https://www.google.com/maps/place/?q=place_id:ChIJUWhyopvr3TsRJeg24R0bCQQ,part_372,2026-09-20 20:40:27,69554
7byseven Cafe & Ice Cream Parlour,Ice Cream Parlour,Ice cream shop,"Ice cream shop, Chinese restaurant, Coffee shop, Family restaurant, Fast food restaurant, Cafe, Pizza restaurant, Restaurant, Sundae restaurant",797099,North Eastern Circle,North Eastern Region,Nagaland Division,Bhandari S.O,+91 79003 05656,https://at7bysevencafe.lovable.app/,4.8,389.0,"Tikonia Rd, near Trilok Singh &Co, opposite Prem Cinema, Heera Nagar, Haldwani, Uttarakhand 263139",Heera Nagar,29.218638199999997,79.53126069999999,ChIJH7ySHI-boDkRdPE9uhYPNk4,https://www.google.com/maps/place/?q=place_id:ChIJH7ySHI-boDkRdPE9uhYPNk4,part_372,2026-09-20 20:40:27,69555
Treat Nucleus,Ice Cream Parlour,Ice cream shop,"Ice cream shop, Takeout restaurant, Panipuri shop, Snack bar",797099,North Eastern Circle,North Eastern Region,Nagaland Division,Bhandari S.O,+91 96373 61556,N/A,4.3,442.0,"Chandrapur - Mul - Nagbhir - Nagpur Hwy, Civil Lines, Chandrapur, Maharashtra 442401",Civil Lines,19.9684486,79.2917159,ChIJy0s2_c7V0jsRTYJwanAPp2I,https://www.google.com/maps/place/?q=place_id:ChIJy0s2_c7V0jsRTYJwanAPp2I,part_372,2026-09-20 20:40:27,69556
Jack Ice Cream Parlour,Ice Cream Parlour,Ice cream shop,Ice cream shop,797101,North Eastern Circle,North Eastern Region,Nagaland Division,"Peren S.O, Mbaulwa B.O, N.Song B.O",N/A,N/A,,,"JMX8+CJM, Stadium Colony, Nagaland 797110",Stadium Colony,25.6485965,93.6665494,ChIJgz0HXhX_RTcRfw9Qlwpqsag,https://www.google.com/maps/place/?q=place_id:ChIJgz0HXhX_RTcRfw9Qlwpqsag,part_372,2026-09-20 20:40:59,72623
Green Park,Ice Cream Parlour,Ice cream shop,Ice cream shop,797101,North Eastern Circle,North Eastern Region,Nagaland Division,"Peren S.O, Mbaulwa B.O, N.Song B.O",N/A,N/A,,,"HPCH+9FJ, Jalukie, Nagaland 797110",797101,25.5709567,93.7286373,ChIJix8UEABVTzcRo3bhGOp3qr4,https://www.google.com/maps/place/?q=place_id:ChIJix8UEABVTzcRo3bhGOp3qr4,part_372,2026-09-20 20:40:59,72624
Kukidlong,Ice Cream Parlour,Ice cream shop,Ice cream shop,797101,North Eastern Circle,North Eastern Region,Nagaland Division,"Peren S.O, Mbaulwa B.O, N.Song B.O",N/A,N/A,,,"QV7M+Q7F, Medziphema, Nagaland 797106",797101,25.7644254,93.8831738,ChIJ_b1cPAAFRjcRK3I0hcB6_UM,https://www.google.com/maps/place/?q=place_id:ChIJ_b1cPAAFRjcRK3I0hcB6_UM,part_372,2026-09-20 20:40:59,72625
The Chill Cat IceCream,Ice Cream Parlour,Ice cream shop,Ice cream shop,797101,North Eastern Circle,North Eastern Region,Nagaland Division,"Peren S.O, Mbaulwa B.O, N.Song B.O",+91 99647 44747,N/A,4.6,284.0,"1097, Basettikoppal Main Rd, near MG Road, Krishnaraja Pura, Hassan, Karnataka 573201",Krishnaraja Pura,13.0111353,76.1063977,ChIJhyZ3OClJpTsRxZPfC1f5olc,https://www.google.com/maps/place/?q=place_id:ChIJhyZ3OClJpTsRxZPfC1f5olc,part_372,2026-09-20 20:40:59,72626
Memorice Perinthalmanna,Ice Cream Parlour,Ice cream shop,Ice cream shop,797101,North Eastern Circle,North Eastern Region,Nagaland Division,"Peren S.O, Mbaulwa B.O, N.Song B.O",N/A,N/A,4.5,365.0,"Ooty road, Valiyangadi, Perinthalmanna, Keralam 679322",Valiyangadi,10.9860098,76.2259947,ChIJ26Vs8ZXNpzsRIn_m_dzXLZU,https://www.google.com/maps/place/?q=place_id:ChIJ26Vs8ZXNpzsRIn_m_dzXLZU,part_372,2026-09-20 20:40:59,72627
GUDBUD,Ice Cream Parlour,Ice cream shop,Ice cream shop,797101,North Eastern Circle,North Eastern Region,Nagaland Division,"Peren S.O, Mbaulwa B.O, N.Song B.O",+91 76762 47179,N/A,4.3,795.0,"Ground Floor, No 972/A S T BED layout Koramangala, Ejipura, Bengaluru, Karnataka 560047","Chandra Reddy Layout, S T Bed Layout, Ejipura",12.9351767,77.6300436,ChIJKRLmK0gVrjsR1A2y5L2SC4I,https://www.google.com/maps/place/?q=place_id:ChIJKRLmK0gVrjsR1A2y5L2SC4I,part_372,2026-09-20 20:40:59,72628
FRUITBAE Sulthan Bathery,Ice Cream Parlour,Ice cream shop,Ice cream shop,797101,North Eastern Circle,North Eastern Region,Nagaland Division,"Peren S.O, Mbaulwa B.O, N.Song B.O",+91 90742 97170,http://www.fruitbae.com/,4.7,695.0,"Isaacs Centre Square, Sultan Bathery, Keralam 673592",797101,11.6615408,76.2557831,ChIJzbQ0UyYJpjsRWs9UthCCjio,https://www.google.com/maps/place/?q=place_id:ChIJzbQ0UyYJpjsRWs9UthCCjio,part_372,2026-09-20 20:40:59,72629
"Sticksy, RaceCourse",Ice Cream Parlour,Ice cream shop,Ice cream shop,797101,North Eastern Circle,North Eastern Region,Nagaland Division,"Peren S.O, Mbaulwa B.O, N.Song B.O",+91 73050 25772,https://www.sticksy.co.in/,4.4,271.0,"245, 1, Race Course Rd, Race Course, Gopalapuram, Coimbatore, Tamil Nadu 641018","Race Course, Gopalapuram",11.0005933,76.9818804,ChIJ-3Usz1lZqDsRm2TB-5k6GZs,https://www.google.com/maps/place/?q=place_id:ChIJ-3Usz1lZqDsRm2TB-5k6GZs,part_372,2026-09-20 20:40:59,72630
CREAMBELL SHOPPE (Ice cream & Cake),Ice Cream Parlour,Ice cream shop,"Ice cream shop, Bakery and Cake Shop",797101,North Eastern Circle,North Eastern Region,Nagaland Division,"Peren S.O, Mbaulwa B.O, N.Song B.O",+91 88269 79377,N/A,4.6,51.0,"INFRONT OF SHEKHAR CINEMA HALL, near santoshi mandir, Shanti Nagar, Siwan, Bihar 841227",Shanti Nagar,26.2168223,84.356878,ChIJR4I7KCH7kjkRl7dLaKsqrR0,https://www.google.com/maps/place/?q=place_id:ChIJR4I7KCH7kjkRl7dLaKsqrR0,part_372,2026-09-20 20:40:59,72631
Shri Parshwanath Cold Drinks,Ice Cream Parlour,Beverage Store,"Beverage Store, Ice cream shop",797101,North Eastern Circle,North Eastern Region,Nagaland Division,"Peren S.O, Mbaulwa B.O, N.Song B.O",+91 97999 52691,http://www.spcd.in/,4.3,,"Jagatguru Shri Guru Nanak Dev Ji Marg, Jaljog Circle, Sindhi Colony, Sector-E, Shastri Nagar, Jodhpur, Rajasthan 342001","Jaljog Circle, Sindhi Colony, Sector-E, Shastri Nagar",26.2726747,73.0061896,ChIJ4ynBuzqMQTkR95-bLiwuTmU,https://www.google.com/maps/place/?q=place_id:ChIJ4ynBuzqMQTkR95-bLiwuTmU,part_372,2026-09-20 20:41:00,72632
Dinshaw's Dairy Foods (P)Ltd,Ice Cream Parlour,Dairy Products Supplier,Dairy Products Supplier,797101,North Eastern Circle,North Eastern Region,Nagaland Division,"Peren S.O, Mbaulwa B.O, N.Song B.O",+91 712 286 5500,https://www.dinshaws.co.in/,4.3,,"Gorewada Rd, Borgaon, Gittikhadan, Nagpur, Maharashtra 440013","Borgaon, Gittikhadan",21.1789775,79.05481019999999,ChIJG58AaKXB1DsRB62m3ORpcQY,https://www.google.com/maps/place/?q=place_id:ChIJG58AaKXB1DsRB62m3ORpcQY,part_372,2026-09-20 20:41:00,72633
Bluwin Icecream,Ice Cream Parlour,Ice cream shop,Ice cream shop,797103,North Eastern Circle,North Eastern Region,Nagaland Division,"Chumukedima S.O, Khopoanaula B.O, Mhaikam B.O",N/A,N/A,4.9,,"First Gate, Neitho, Kuotsu Complex, near Oh Dimapur Restaurant, Chümoukedima, Dimapur, Nagaland 797103",Chümoukedima,25.8061476,93.7913246,ChIJi8kiHgAJRjcRsByIdnGRqiI,https://www.google.com/maps/place/?q=place_id:ChIJi8kiHgAJRjcRsByIdnGRqiI,part_372,2026-09-20 20:41:34,74780
Giani Ice Cream Parlour,Ice Cream Parlour,Ice cream shop,Ice cream shop,797103,North Eastern Circle,North Eastern Region,Nagaland Division,"Chumukedima S.O, Khopoanaula B.O, Mhaikam B.O",+91 87985 99388,N/A,5.0,,"CT Square, 7th Mile, Chumukedima, Dimapur, Nagaland 797115",7th Mile,25.825444299999997,93.77857569999999,ChIJfWbB--cJRjcRc9yCDE3lviw,https://www.google.com/maps/place/?q=place_id:ChIJfWbB--cJRjcRc9yCDE3lviw,part_372,2026-09-20 20:41:34,74781
Amul Ice Cream Parlour,Ice Cream Parlour,Ice cream shop,Ice cream shop,797103,North Eastern Circle,North Eastern Region,Nagaland Division,"Chumukedima S.O, Khopoanaula B.O, Mhaikam B.O",+91 93629 94042,N/A,4.5,,"Midland, Dimapur, Nagaland 797112",Midland,25.912347399999998,93.7187568,ChIJ23dvfADhRTcRVW3P6Fm2u6A,https://www.google.com/maps/place/?q=place_id:ChIJ23dvfADhRTcRVW3P6Fm2u6A,part_372,2026-09-20 20:41:34,74782
Baskin Robbins,Ice Cream Parlour,Ice cream shop,"Ice cream shop, Dessert shop",797103,North Eastern Circle,North Eastern Region,Nagaland Division,"Chumukedima S.O, Khopoanaula B.O, Mhaikam B.O",+91 84480 64530,https://baskinrobbinsindia.com/pages/store-locator?utm_source=gmb&utm_medium=search&utm_campaign=storefootfall,4.0,,"Second Gate, Kohima Road, opposite to Joyce Complex, Vill, Chümoukedima, Dimapur, Nagaland 797103","Vill, Chümoukedima",25.8112708,93.78689829999999,ChIJZbSONwAJRjcRTlKZgwSwV28,https://www.google.com/maps/place/?q=place_id:ChIJZbSONwAJRjcRTlKZgwSwV28,part_372,2026-09-20 20:41:34,74783
Ice cream Dimapur,Ice Cream Parlour,Ice cream shop,Ice cream shop,797103,North Eastern Circle,North Eastern Region,Nagaland Division,"Chumukedima S.O, Khopoanaula B.O, Mhaikam B.O",+91 96502 27310,N/A,4.2,,"Jubilee Tower, Thahekhu Village, Dimapur, Nagaland 797118",Thahekhu Village,25.8852925,93.72345759999999,ChIJE5dFMwDjRTcRQgTSH_se5Rs,https://www.google.com/maps/place/?q=place_id:ChIJE5dFMwDjRTcRQgTSH_se5Rs,part_372,2026-09-20 20:41:34,74784
Baskin Robbins,Ice Cream Parlour,Ice cream shop,"Ice cream shop, Dessert shop",797103,North Eastern Circle,North Eastern Region,Nagaland Division,"Chumukedima S.O, Khopoanaula B.O, Mhaikam B.O",+91 87328 17353,https://baskinrobbinsindia.com/pages/store-locator?utm_source=gmb&utm_medium=search&utm_campaign=storefootfall,4.5,,"5th Mile Opposite to SBI, Diphupar, Dimapur, Nagaland 797115",Diphupar,25.858210099999997,93.76909289999999,ChIJi1qjk4AJRjcR96kqndYknH8,https://www.google.com/maps/place/?q=place_id:ChIJi1qjk4AJRjcR96kqndYknH8,part_372,2026-09-20 20:41:34,74785
Amul Ice Cream Parlour,Ice Cream Parlour,Ice cream shop,Ice cream shop,797103,North Eastern Circle,North Eastern Region,Nagaland Division,"Chumukedima S.O, Khopoanaula B.O, Mhaikam B.O",N/A,N/A,4.5,,"WP65+4HF, Duncan Basti, Dimapur, Nagaland 797112",Duncan Basti,25.9103653,93.7089867,ChIJlRPJQwDhRTcRB8mTVO9O6wk,https://www.google.com/maps/place/?q=place_id:ChIJlRPJQwDhRTcRB8mTVO9O6wk,part_372,2026-09-20 20:41:34,74786
Joyce Complex,Ice Cream Parlour,Store,Store,797103,North Eastern Circle,North Eastern Region,Nagaland Division,"Chumukedima S.O, Khopoanaula B.O, Mhaikam B.O",N/A,N/A,3.8,,"National Highway 39, Chümoukedima, Dimapur, Nagaland 797103",Chümoukedima,25.8112501,93.78750439999999,ChIJO9fL8YYIRjcRf24wv0e_3GI,https://www.google.com/maps/place/?q=place_id:ChIJO9fL8YYIRjcRf24wv0e_3GI,part_372,2026-09-20 20:41:34,74787
Popsicle Ice cream,Ice Cream Parlour,Ice cream shop,"Ice cream shop, Store",797103,North Eastern Circle,North Eastern Region,Nagaland Division,"Chumukedima S.O, Khopoanaula B.O, Mhaikam B.O",+91 90895 57231,N/A,4.4,,"Dobhinalla Rd, N.S.T. Colony, Dimapur, Nagaland 797112",N.S.T. Colony,25.9080434,93.72279209999999,ChIJVWFr1ozhRTcRPh5Ci0pOAmI,https://www.google.com/maps/place/?q=place_id:ChIJVWFr1ozhRTcRPh5Ci0pOAmI,part_372,2026-09-20 20:41:34,74788
Baskin Robbins,Ice Cream Parlour,Ice cream shop,"Ice cream shop, Dessert shop",797103,North Eastern Circle,North Eastern Region,Nagaland Division,"Chumukedima S.O, Khopoanaula B.O, Mhaikam B.O",+91 99162 96407,https://baskinrobbinsindia.com/pages/store-locator?utm_source=gmb&utm_medium=search&utm_campaign=storefootfall,4.5,,"Lane-16, B Khel, Hn-437, Kuda Village, Half Nagarjan, Nagarjan, Dimapur, Nagaland 797112","Kuda Village, Half Nagarjan",25.8959656,93.7340265,ChIJPfyCGRHjRTcRfa2fWeAZHhc,https://www.google.com/maps/place/?q=place_id:ChIJPfyCGRHjRTcRfa2fWeAZHhc,part_372,2026-09-20 20:41:34,74789
Baskin Robbins,Ice Cream Parlour,Ice cream shop,"Ice cream shop, Dessert shop",797103,North Eastern Circle,North Eastern Region,Nagaland Division,"Chumukedima S.O, Khopoanaula B.O, Mhaikam B.O",+91 84480 64530,https://baskinrobbinsindia.com/pages/store-locator?utm_source=gmb&utm_medium=search&utm_campaign=storefootfall,4.0,,"near SBI, Purana Bazar, Dimapur, Nagaland 797112",Purana Bazar,25.907539999999997,93.74754,ChIJQbw0pgYKRjcR0eaHmI7NuY0,https://www.google.com/maps/place/?q=place_id:ChIJQbw0pgYKRjcR0eaHmI7NuY0,part_372,2026-09-20 20:41:34,74790
Naga Frost Station,Ice Cream Parlour,Ice cream shop,Ice cream shop,797103,North Eastern Circle,North Eastern Region,Nagaland Division,"Chumukedima S.O, Khopoanaula B.O, Mhaikam B.O",N/A,N/A,3.5,,"VQ47+GHW, 5th Mile, Dimapur, Nagaland 797115",5th Mile,25.8563558,93.76394789999999,ChIJHYESKAAJRjcRvB_CrDIuVis,https://www.google.com/maps/place/?q=place_id:ChIJHYESKAAJRjcRvB_CrDIuVis,part_372,2026-09-20 20:41:34,74791
Gelato Per Tutti,Ice Cream Parlour,Ice cream shop,Ice cream shop,797103,North Eastern Circle,North Eastern Region,Nagaland Division,"Chumukedima S.O, Khopoanaula B.O, Mhaikam B.O",+91 99997 34828,N/A,4.1,,"C, Kuda Village, Half Nagarjan, Dimapur, Nagaland 797112","Kuda Village, Half Nagarjan",25.898030199999997,93.734516,ChIJywlVvALiRTcRu7ro4qqnuBA,https://www.google.com/maps/place/?q=place_id:ChIJywlVvALiRTcRu7ro4qqnuBA,part_372,2026-09-20 20:41:34,74792
The Spot,Ice Cream Parlour,Ice cream shop,"Ice cream shop, Food court",797103,North Eastern Circle,North Eastern Region,Nagaland Division,"Chumukedima S.O, Khopoanaula B.O, Mhaikam B.O",+91 84139 72583,https://www.instagram.com/the_spot_nagaland?igsh=ZW1oeGR1OHlhYWQ4&utm_source=qr,4.7,,"Before reaching, Zion Hospital, Purana Bazar, Dimapur, Nagaland 797112",Purana Bazar,25.9146635,93.7477347,ChIJp21AndILRjcRXDAtX0uxssg,https://www.google.com/maps/place/?q=place_id:ChIJp21AndILRjcRXDAtX0uxssg,part_372,2026-09-20 20:41:34,74793
Achuni’s Ice Cream and Fast Food,Ice Cream Parlour,Ice cream shop,Ice cream shop,797103,North Eastern Circle,North Eastern Region,Nagaland Division,"Chumukedima S.O, Khopoanaula B.O, Mhaikam B.O",N/A,N/A,5.0,,"RQ4G+59W, Church Rd, Ward 9, Chümoukedima, Dimapur, Nagaland 797103","Ward 9, Chümoukedima",25.805498399999998,93.77595629999999,ChIJTTZEDQAJRjcR_FU4aH2riv4,https://www.google.com/maps/place/?q=place_id:ChIJTTZEDQAJRjcR_FU4aH2riv4,part_372,2026-09-20 20:41:34,74794
Sip And Scoop,Ice Cream Parlour,Juice shop,Juice shop,797103,North Eastern Circle,North Eastern Region,Nagaland Division,"Chumukedima S.O, Khopoanaula B.O, Mhaikam B.O",+91 70055 36582,N/A,4.3,,"Lungwiram, Block 2, Thilixu Village, Full Nagarjan, Dimapur, Nagaland 797112","Lungwiram, Block 2, Thilixu Village, Full Nagarjan",25.8813539,93.7428712,ChIJ-2KfLXvjRTcRTFIyS1R3OKc,https://www.google.com/maps/place/?q=place_id:ChIJ-2KfLXvjRTcRTFIyS1R3OKc,part_372,2026-09-20 20:41:34,74795
