business_name,search_category,primary_category,all_categories,pincode,circle,region,division,major_offices,phone_number,website,rating,reviews_count,address,area,latitude,longitude,place_id,place_url,part_id,crawled_at,s_no
Hotel Joyraj,Hotel,Hotel,Hotel,795116,North Eastern Circle,North Eastern Region,Manipur Division,"Jiribam Bazar S.O, Bongmun B.O, Borobekra B.O",N/A,N/A,3.7,,"Kalinagar, Jiribam, Manipur 795116",795116,24.8089169,93.11214299999999,ChIJAdhKhW7_TjcR8QksNjrksGw,https://www.google.com/maps/place/?q=place_id:ChIJAdhKhW7_TjcR8QksNjrksGw,part_371,2026-09-20 20:19:21,2871
Bg Hotel,Hotel,Hotel,Hotel,795116,North Eastern Circle,North Eastern Region,Manipur Division,"Jiribam Bazar S.O, Bongmun B.O, Borobekra B.O",N/A,N/A,3.7,,"XFRX+GQ5, Tamenglong, Manipur 795141",795116,24.9912685,93.4994828,ChIJozYpMYgjTzcR9VaQH2ckPRM,https://www.google.com/maps/place/?q=place_id:ChIJozYpMYgjTzcR9VaQH2ckPRM,part_371,2026-09-20 20:19:21,2872
APOLLO INN,Hotel,Lodge,"Lodge, Hotel",795116,North Eastern Circle,North Eastern Region,Manipur Division,"Jiribam Bazar S.O, Bongmun B.O, Borobekra B.O",N/A,N/A,3.7,,"Tamenglong, ward no 1, Tamenglong, Manipur 795141",795116,24.995207,93.50025099999999,ChIJO0r6iocjTzcR29wrqDS0pMY,https://www.google.com/maps/place/?q=place_id:ChIJO0r6iocjTzcR29wrqDS0pMY,part_371,2026-09-20 20:19:21,2873
Peace Hotel,Hotel,Hotel,Hotel,795116,North Eastern Circle,North Eastern Region,Manipur Division,"Jiribam Bazar S.O, Bongmun B.O, Borobekra B.O",N/A,N/A,3.8,,"XFRX+5XH, Unnamed Road, Tamenglong, Manipur 795141",795116,24.990444999999998,93.4999874,ChIJvzpsUXojTzcR_AN6HP7TF5Y,https://www.google.com/maps/place/?q=place_id:ChIJvzpsUXojTzcR_AN6HP7TF5Y,part_371,2026-09-20 20:19:21,2874
Hotel Shangai,Hotel,Hotel,Hotel,795116,North Eastern Circle,North Eastern Region,Manipur Division,"Jiribam Bazar S.O, Bongmun B.O, Borobekra B.O",+91 86380 23504,https://hotelshangai.in/,,,"Airport Road, Kolartol, Silchar, Doyapore Grant, Assam 788009",Kolartol,24.896597,92.90525629999999,ChIJyQ3dxJuzTzcROOIjZGyKORk,https://www.google.com/maps/place/?q=place_id:ChIJyQ3dxJuzTzcROOIjZGyKORk,part_371,2026-09-20 20:19:21,2875
The Classic Hotel,Hotel,Hotel,Hotel,795116,North Eastern Circle,North Eastern Region,Manipur Division,"Jiribam Bazar S.O, Bongmun B.O, Borobekra B.O",+91 81319 80420,http://www.theclassichotel.in/,4.7,857.0,"North AOC, Kabo Leika, Imphal, Manipur 795001",Kabo Leika,24.815232599999998,93.94262289999999,ChIJM8AG_H4nSTcRpUsDb8owvAA,https://www.google.com/maps/place/?q=place_id:ChIJM8AG_H4nSTcRpUsDb8owvAA,part_371,2026-09-20 20:19:23,2876
"THE Pi HOTEL, IMPHAL, MANIPUR",Hotel,Hotel,"Hotel, Capsule hotel, Meal delivery, Takeout restaurant, Restaurant",795116,North Eastern Circle,North Eastern Region,Manipur Division,"Jiribam Bazar S.O, Bongmun B.O, Borobekra B.O",+91 98630 94948,N/A,4.6,142.0,"North A.O.C, Minuthong Rd, opp. KEKRUPAT, Zomi Villa, Ragailong, Imphal, Kairang Meitei, Manipur 795001","Zomi Villa, Ragailong",24.8148166,93.9460563,ChIJTWM74B4nSTcRadbkqGJTjsc,https://www.google.com/maps/place/?q=place_id:ChIJTWM74B4nSTcRadbkqGJTjsc,part_371,2026-09-20 20:19:23,2877
Hotel Octavia,Hotel,Hotel,Hotel,795116,North Eastern Circle,North Eastern Region,Manipur Division,"Jiribam Bazar S.O, Bongmun B.O, Borobekra B.O",+91 98634 59546,N/A,4.7,25.0,"Khoyathong, Thangmeiband, Imphal, Manipur 795001","Khoyathong, Thangmeiband",24.8150032,93.9371388,ChIJ6aozUwAnSTcRMFkRJqs3Mz8,https://www.google.com/maps/place/?q=place_id:ChIJ6aozUwAnSTcRMFkRJqs3Mz8,part_371,2026-09-20 20:19:23,2878
Hotel Orchid Imphal,Hotel,Hotel,Hotel,795116,North Eastern Circle,North Eastern Region,Manipur Division,"Jiribam Bazar S.O, Bongmun B.O, Borobekra B.O",N/A,N/A,4.4,10.0,"Khoyathong, Thangmeiband, Imphal, Manipur 795001","Khoyathong, Thangmeiband",24.8165361,93.93839179999999,ChIJn3U9AAAnSTcRyqq6A8JywIY,https://www.google.com/maps/place/?q=place_id:ChIJn3U9AAAnSTcRyqq6A8JywIY,part_371,2026-09-20 20:19:23,2879
HOTEL MILLENNIUM,Hotel,Hotel,Hotel,795116,North Eastern Circle,North Eastern Region,Manipur Division,"Jiribam Bazar S.O, Bongmun B.O, Borobekra B.O",N/A,N/A,3.8,94.0,"ALOO GALI POINT, West, Thangal Bazar, Imphal, Manipur 795001",Thangal Bazar,24.8096477,93.93505929999999,ChIJ96-ADP8nSTcRL19PtqjfZhE,https://www.google.com/maps/place/?q=place_id:ChIJ96-ADP8nSTcRL19PtqjfZhE,part_371,2026-09-20 20:19:23,2880
Eco Heritage Villas & Resort (Near Airport),Hotel,Hotel,Hotel,795116,North Eastern Circle,North Eastern Region,Manipur Division,"Jiribam Bazar S.O, Bongmun B.O, Borobekra B.O",+91 70058 18925,N/A,4.6,157.0,"Chingphu Rd, Malom Tuliyaima, Manipur 795140",795116,24.739665,93.8754683,ChIJw4VC5vgvSTcREsWKzfiYPXg,https://www.google.com/maps/place/?q=place_id:ChIJw4VC5vgvSTcREsWKzfiYPXg,part_371,2026-09-20 20:19:23,2881
Hotel Imphal By The Classic,Hotel,Hotel,Hotel,795116,North Eastern Circle,North Eastern Region,Manipur Division,"Jiribam Bazar S.O, Bongmun B.O, Borobekra B.O",+91 88374 40054,N/A,4.2,2455.0,"North A.O.C, Kabo Leika, Imphal, Kairang Meitei, Manipur 795001",Kabo Leika,24.8179731,93.9448267,ChIJf58ntqcnSTcRuzUTRHBfBN4,https://www.google.com/maps/place/?q=place_id:ChIJf58ntqcnSTcRuzUTRHBfBN4,part_371,2026-09-20 20:19:23,2882
Hotel Helena- Fooding And Lodging,Hotel,Hotel,Hotel,795116,North Eastern Circle,North Eastern Region,Manipur Division,"Jiribam Bazar S.O, Bongmun B.O, Borobekra B.O",N/A,N/A,3.4,16.0,"R447+8JW, opp. Hr. Secondary School, Jiribam, Manipur 795116",795116,24.805859299999998,93.11406649999999,ChIJ6RVL7Wv_TjcRDgHDO60oNrM,https://www.google.com/maps/place/?q=place_id:ChIJ6RVL7Wv_TjcRDgHDO60oNrM,part_371,2026-09-20 20:19:23,2883
Hotel Yaiphabaa,Hotel,Hotel,"Hotel, Restaurant",795116,North Eastern Circle,North Eastern Region,Manipur Division,"Jiribam Bazar S.O, Bongmun B.O, Borobekra B.O",+91 98560 10386,http://hotelyaiphaba.com/,4.2,867.0,"M. G. Avenue, Road, near City Police, Thangal Bazar, Imphal, Manipur 795001",Thangal Bazar,24.810187499999998,93.9361875,ChIJXR5ODrInSTcRhrVobfGp_Lo,https://www.google.com/maps/place/?q=place_id:ChIJXR5ODrInSTcRhrVobfGp_Lo,part_371,2026-09-20 20:19:23,2884
Hearth of Imphal,Hotel,Home Stay,"Home Stay, Bed & breakfast",795116,North Eastern Circle,North Eastern Region,Manipur Division,"Jiribam Bazar S.O, Bongmun B.O, Borobekra B.O",+91 70855 93415,N/A,4.8,72.0,"MACHU Collection, Maning Leikai. Landmark, Assembly Road, Khongnang Ani Karak, Chingmeirong, Imphal, Manipur 795001","Khongnang Ani Karak, Chingmeirong",24.8262069,93.9438026,ChIJ2SyNzXAnSTcRlF9smOr9h4U,https://www.google.com/maps/place/?q=place_id:ChIJ2SyNzXAnSTcRlF9smOr9h4U,part_371,2026-09-20 20:19:23,2885
Tantra Boutique Hotel,Hotel,Hotel,"Hotel, Hotel Management Institute",795116,North Eastern Circle,North Eastern Region,Manipur Division,"Jiribam Bazar S.O, Bongmun B.O, Borobekra B.O",+91 76389 09720,N/A,3.8,88.0,"JNIMS Rd, Ahongei Leikai, Soibam Leikai, Imphal, Kairang Meitei, Manipur 795001","Ahongei Leikai, Soibam Leikai",24.8126051,93.9581425,ChIJi19XOxsnSTcRIu1HItFoRNE,https://www.google.com/maps/place/?q=place_id:ChIJi19XOxsnSTcRIu1HItFoRNE,part_371,2026-09-20 20:19:23,2886
Hotel Anand Continental,Hotel,Hotel,Hotel,795116,North Eastern Circle,North Eastern Region,Manipur Division,"Jiribam Bazar S.O, Bongmun B.O, Borobekra B.O",+91 385 244 9433,N/A,3.7,463.0,"RW7P+3G3, 26, Khoyathong Road, opp. YES BANK, Majorkhul, Thangal Bazar, Imphal, Manipur 795001","Majorkhul, Thangal Bazar",24.812623,93.936331,ChIJx_snjrEnSTcR8iiXX1eBQU8,https://www.google.com/maps/place/?q=place_id:ChIJx_snjrEnSTcR8iiXX1eBQU8,part_371,2026-09-20 20:19:23,2887
"Providence Guesthouse,Zogam",Hotel,Bed & breakfast,Bed & breakfast,795117,North Eastern Circle,North Eastern Region,Manipur Division,"Saikot S.O, Khouwpuibung B.O, Mual Vaiphei B.O",+91 60099 01158,http://www.tunnu.org/providence,4.8,,"8MHR+5F, Lanva, Churachandpur, Manipur 795006",Lanva,24.3278969,93.69116849999999,ChIJP83-RgCzTjcRMKUbeQ0dO3E,https://www.google.com/maps/place/?q=place_id:ChIJP83-RgCzTjcRMKUbeQ0dO3E,part_371,2026-09-20 20:20:02,9136
Fair Haven Sitlhou's Home Stay,Hotel,Bed & breakfast,"Bed & breakfast, Home Stay",795117,North Eastern Circle,North Eastern Region,Manipur Division,"Saikot S.O, Khouwpuibung B.O, Mual Vaiphei B.O",+91 88513 43855,N/A,4.0,,"IB Rd, Chiengkonpang, Churachandpur, Manipur 795128",Chiengkonpang,24.3427123,93.69046879999999,ChIJRSmPh9CzTjcROw3Vx1UFDHM,https://www.google.com/maps/place/?q=place_id:ChIJRSmPh9CzTjcROw3Vx1UFDHM,part_371,2026-09-20 20:20:02,9137
THE PADMA Hotel,Hotel,Hotel,Hotel,795118,North Eastern Circle,North Eastern Region,Manipur Division,"Saikul S.O, Bunglong B.O, Dolang B.O",+91 385 244 9700,http://thepadma.com/,4.1,,"Dharamsala W, 795 001, Road, Thangal Bazar, Imphal, Manipur 795001",Thangal Bazar,24.80959,93.9353179,ChIJr1ZSvtgnSTcRUL-bT8yPmM8,https://www.google.com/maps/place/?q=place_id:ChIJr1ZSvtgnSTcRUL-bT8yPmM8,part_371,2026-09-20 20:20:43,13460
Hotel Daani Continental,Hotel,Hotel,Hotel,795118,North Eastern Circle,North Eastern Region,Manipur Division,"Saikul S.O, Bunglong B.O, Dolang B.O",+91 87876 34494,https://daanicontinental.com/,4.4,,"Thangmeiband, Imphal, Manipur 795001",Thangmeiband,24.822613399999998,93.939292,ChIJg0p2SXEnSTcRxIthwahGECU,https://www.google.com/maps/place/?q=place_id:ChIJg0p2SXEnSTcRxIthwahGECU,part_371,2026-09-20 20:20:43,13461
MRH HOMESTAY,Hotel,Bed & breakfast,Bed & breakfast,795118,North Eastern Circle,North Eastern Region,Manipur Division,"Saikul S.O, Bunglong B.O, Dolang B.O",+91 70056 17695,N/A,4.2,,"Awang Sekmai, Manipur 795136",795118,24.951014999999998,93.8822852,ChIJpbyh02LRSDcRCsLXIFmJ1ko,https://www.google.com/maps/place/?q=place_id:ChIJpbyh02LRSDcRCsLXIFmJ1ko,part_371,2026-09-20 20:20:43,13462
Joy's BnB,Hotel,Home Stay,Home Stay,795118,North Eastern Circle,North Eastern Region,Manipur Division,"Saikul S.O, Bunglong B.O, Dolang B.O",N/A,N/A,4.3,,"Block C, Nagaram Village, Imphal, Manipur 795010","Block C, Nagaram Village",24.825501799999998,93.9530308,ChIJi-nJJmonSTcRtFXJkvVJl4c,https://www.google.com/maps/place/?q=place_id:ChIJi-nJJmonSTcRtFXJkvVJl4c,part_371,2026-09-20 20:20:43,13463
IREISES HOMESTAY,Hotel,Home Stay,Home Stay,795118,North Eastern Circle,North Eastern Region,Manipur Division,"Saikul S.O, Bunglong B.O, Dolang B.O",N/A,https://www.ireiseshomestay.com/,5.0,,"Hrache Complex,New Karong, Senapati, Manipur,along Asian Highway No.1, Senapati, Manipur 795007",795118,25.2953415,94.0408897,ChIJ2ylCMZu_SDcR7P-kEiRin3o,https://www.google.com/maps/place/?q=place_id:ChIJ2ylCMZu_SDcR7P-kEiRin3o,part_371,2026-09-20 20:20:43,13464
GG Bed and Breakfast,Hotel,Bed & breakfast,Bed & breakfast,795118,North Eastern Circle,North Eastern Region,Manipur Division,"Saikul S.O, Bunglong B.O, Dolang B.O",N/A,N/A,5.0,,"97 Fairyland, Khuman Lampak, Imphal, Manipur 795010",Khuman Lampak,24.8265258,93.9486405,ChIJQxKfcAAnSTcRvYz3EdxNHt4,https://www.google.com/maps/place/?q=place_id:ChIJQxKfcAAnSTcRvYz3EdxNHt4,part_371,2026-09-20 20:20:43,13465
The Kutshai Lodge,Hotel,Bed & breakfast,"Bed & breakfast, Catering food and drink supplier",795118,North Eastern Circle,North Eastern Region,Manipur Division,"Saikul S.O, Bunglong B.O, Dolang B.O",N/A,N/A,4.5,,"Greenland, Ukhrul, Manipur 795142",795118,25.107429,94.36230139999999,ChIJtwFMWo_3SDcR2Q9omGO0RTw,https://www.google.com/maps/place/?q=place_id:ChIJtwFMWo_3SDcR2Q9omGO0RTw,part_371,2026-09-20 20:20:43,13466
Village charm resort,Hotel,Camping cabin,Camping cabin,795118,North Eastern Circle,North Eastern Region,Manipur Division,"Saikul S.O, Bunglong B.O, Dolang B.O",N/A,N/A,4.9,58.0,"W2G3+WF, Yumnam Patlou, Manipur 795114",795118,24.927246399999998,94.00370629999999,ChIJYzAzzRzfSDcRT_Nmwm83V08,https://www.google.com/maps/place/?q=place_id:ChIJYzAzzRzfSDcRT_Nmwm83V08,part_371,2026-09-20 20:20:44,13467
The Hillside,Hotel,Hotel,Hotel,795118,North Eastern Circle,North Eastern Region,Manipur Division,"Saikul S.O, Bunglong B.O, Dolang B.O",N/A,N/A,4.5,23.0,"RWVJ+5JX, Mantripukhri, Achanbigei, Imphal, Manipur 795002","Mantripukhri, Achanbigei",24.8429923,93.9316249,ChIJWSc1uH8nSTcRnU5DgCxfd0U,https://www.google.com/maps/place/?q=place_id:ChIJWSc1uH8nSTcRnU5DgCxfd0U,part_371,2026-09-20 20:20:44,13468
3D Hotel,Hotel,Hotel,Hotel,795122,North Eastern Circle,North Eastern Region,Manipur Division,"Kalapahar S.O, Chandraman B.O, Haipi B.O",+91 96675 67837,N/A,3.9,207.0,"opp. Old District Hospital, Senapati, Manipur 795106",795122,25.2703492,94.023455,ChIJhYPxAQS_SDcRc2aOg00cafs,https://www.google.com/maps/place/?q=place_id:ChIJhYPxAQS_SDcRc2aOg00cafs,part_371,2026-09-20 20:21:19,15058
Crown Plaza Hotel,Hotel,Hotel,Hotel,795122,North Eastern Circle,North Eastern Region,Manipur Division,"Kalapahar S.O, Chandraman B.O, Haipi B.O",+91 81328 81992,N/A,3.3,23.0,"72FH+72R, Senapati, Manipur 795106",795122,25.273227799999997,94.0275286,ChIJvzIPiwC_SDcRl-3ELahYd5o,https://www.google.com/maps/place/?q=place_id:ChIJvzIPiwC_SDcRl-3ELahYd5o,part_371,2026-09-20 20:21:19,15059
Head Hunters Hub Hotel,Hotel,Hotel,"Hotel, Bed & breakfast",795122,North Eastern Circle,North Eastern Region,Manipur Division,"Kalapahar S.O, Chandraman B.O, Haipi B.O",+91 70851 85551,N/A,4.6,25.0,"Senapati Phaibung Road, SP Rd, TNK Village, Senapati, Manipur 795106",TNK Village,25.2763381,94.02949699999999,ChIJ3XKc_pK_SDcRCFmFjGISCeE,https://www.google.com/maps/place/?q=place_id:ChIJ3XKc_pK_SDcRCFmFjGISCeE,part_371,2026-09-20 20:21:19,15060
Hotel Serena,Hotel,Hotel,Hotel,795122,North Eastern Circle,North Eastern Region,Manipur Division,"Kalapahar S.O, Chandraman B.O, Haipi B.O",+91 87980 15359,N/A,2.6,7.0,"72GH+773, TNK Village, Senapati, Manipur 795106",TNK Village,25.275627,94.02816349999999,ChIJwYYfyta_SDcReUoiWBLIOd4,https://www.google.com/maps/place/?q=place_id:ChIJwYYfyta_SDcReUoiWBLIOd4,part_371,2026-09-20 20:21:19,15061
Maipakchao Homestay,Hotel,Home Stay,Home Stay,795124,North Eastern Circle,North Eastern Region,Manipur Division,"Loktak Project S.O, Charoi Khullel B.O, Jiban Nager B.O",N/A,N/A,4.0,52.0,"H.No 21, Sendra Rd, Thanga Ngaram Leikai, Thanga Khoirom Leikai, Manipur 795133",Thanga Ngaram Leikai,24.5207932,93.8115267,ChIJcbHvV8w1STcRbwY5WdGR08U,https://www.google.com/maps/place/?q=place_id:ChIJcbHvV8w1STcRbwY5WdGR08U,part_371,2026-09-20 20:21:54,17007
Hotel Elegance Resort,Hotel,Resort hotel,Resort hotel,795124,North Eastern Circle,North Eastern Region,Manipur Division,"Loktak Project S.O, Charoi Khullel B.O, Jiban Nager B.O",+91 89747 92955,N/A,4.1,125.0,"Okshongbung Leikai, Hemam Colony, Moirang, Manipur 795133","Okshongbung Leikai, Hemam Colony",24.486880799999998,93.75708139999999,ChIJz0tn2FE1STcRlvSegQRoy1A,https://www.google.com/maps/place/?q=place_id:ChIJz0tn2FE1STcRlvSegQRoy1A,part_371,2026-09-20 20:21:54,17008
Laisoi Farm Floating Homestay,Hotel,Home Stay,Home Stay,795124,North Eastern Circle,North Eastern Region,Manipur Division,"Loktak Project S.O, Charoi Khullel B.O, Jiban Nager B.O",+91 69091 53441,N/A,4.8,83.0,"Laisoi Village, Moirang, Manipur 795133",Laisoi Village,24.498949699999997,93.8012285,ChIJY1PhOVU1STcRzh1wh5Znqmc,https://www.google.com/maps/place/?q=place_id:ChIJY1PhOVU1STcRzh1wh5Znqmc,part_371,2026-09-20 20:21:54,17009
Budha Loktak Homestays,Hotel,Service Apartment,Service Apartment,795124,North Eastern Circle,North Eastern Region,Manipur Division,"Loktak Project S.O, Charoi Khullel B.O, Jiban Nager B.O",+91 84139 50259,https://m.facebook.com/lhhs9/,4.8,79.0,"Thanga Sendra Road, Sendra Chingkhong, Part 2, Ithing, Thanga, Manipur 795133",Part 2,24.5155095,93.7943767,ChIJVTIP6PU1STcR9zYLUNOeJLo,https://www.google.com/maps/place/?q=place_id:ChIJVTIP6PU1STcR9zYLUNOeJLo,part_371,2026-09-20 20:21:54,17010
Polly Homestay,Hotel,Hotel,Hotel,795124,North Eastern Circle,North Eastern Region,Manipur Division,"Loktak Project S.O, Charoi Khullel B.O, Jiban Nager B.O",+91 70857 20711,N/A,5.0,5.0,"Philem Leikai, Moirang, Manipur 795133",Philem Leikai,24.5012202,93.77655349999999,ChIJ8WZYtY41STcR9xOe-zfVI4A,https://www.google.com/maps/place/?q=place_id:ChIJ8WZYtY41STcR9xOe-zfVI4A,part_371,2026-09-20 20:21:54,17011
The Island Resort Mandha,Hotel,Home Stay,Home Stay,795124,North Eastern Circle,North Eastern Region,Manipur Division,"Loktak Project S.O, Charoi Khullel B.O, Jiban Nager B.O",N/A,N/A,4.3,14.0,"GRHW+4M, Thanga, Manipur 795132",795124,24.527819899999997,93.84667429999999,ChIJF9J_Ohc3STcRDs1Q-W9AvHk,https://www.google.com/maps/place/?q=place_id:ChIJF9J_Ohc3STcRDs1Q-W9AvHk,part_371,2026-09-20 20:21:54,17012
"The Cascade Retreat, Waroiching",Hotel,Resort hotel,Resort hotel,795124,North Eastern Circle,North Eastern Region,Manipur Division,"Loktak Project S.O, Charoi Khullel B.O, Jiban Nager B.O",N/A,N/A,4.4,17.0,"Sadu Chiru Waterfall Road, Waroiching, Nambol, Manipur 795134",795124,24.731593099999998,93.7648715,ChIJZxncq3stSTcRkzsHtrKHOek,https://www.google.com/maps/place/?q=place_id:ChIJZxncq3stSTcRkzsHtrKHOek,part_371,2026-09-20 20:21:54,17013
LOKTAK AQUA INN Homestay pick-up point,Hotel,Home Stay,Home Stay,795124,North Eastern Circle,North Eastern Region,Manipur Division,"Loktak Project S.O, Charoi Khullel B.O, Jiban Nager B.O",N/A,N/A,4.8,4.0,"Thanga Houreng chingyang Pandon, Thanga, Manipur 795133",795124,24.538595299999997,93.83378549999999,ChIJ4TcquZk3STcRWgnJZpKxDyk,https://www.google.com/maps/place/?q=place_id:ChIJ4TcquZk3STcRWgnJZpKxDyk,part_371,2026-09-20 20:21:54,17014
de Oriental Grand,Hotel,Hotel,Hotel,795125,North Eastern Circle,North Eastern Region,Manipur Division,"Tamei S.O, Atang Khunou B.O, Chaiton B.O",+91 370 226 0052,http://www.deorientalgrand.com/,4.0,908.0,"M4M3+96Q, Themezie, High School Road, National Highway 61, Upper Bayavü Hill, Upper Bayavü Hill, Kohima, Nagaland 797001",Upper Bayavü Hill,25.684813899999998,94.10301799999999,ChIJh0ETrJshRjcRXUYP-kHWPdY,https://www.google.com/maps/place/?q=place_id:ChIJh0ETrJshRjcRXUYP-kHWPdY,part_371,2026-09-20 20:22:30,19844
Hotel Lavisto,Hotel,Hotel,"Hotel, Restaurant",795125,North Eastern Circle,North Eastern Region,Manipur Division,"Tamei S.O, Atang Khunou B.O, Chaiton B.O",+91 69099 31832,https://hotellavisto.in/,4.5,261.0,"Opposite World War II Cemetery, NH-29, Midland Colony, Kohima, Nagaland 797001",Midland Colony,25.6668973,94.1035552,ChIJj03FkEohRjcR-ZUDWdRdYjk,https://www.google.com/maps/place/?q=place_id:ChIJj03FkEohRjcR-ZUDWdRdYjk,part_371,2026-09-20 20:22:30,19845
La Colline Resort,Hotel,Resort hotel,Resort hotel,795125,North Eastern Circle,North Eastern Region,Manipur Division,"Tamei S.O, Atang Khunou B.O, Chaiton B.O",+91 70864 26527,https://lacollineresort.com/,4.4,114.0,"Old, Old Ministers Hill, Minister Hill, Kohima, Nagaland 797120",Minister Hill,25.652051,94.09538219999999,ChIJGf5K5nwhRjcRuGx4SsPWFhk,https://www.google.com/maps/place/?q=place_id:ChIJGf5K5nwhRjcRuGx4SsPWFhk,part_371,2026-09-20 20:22:30,19846
Edelweiss,Hotel,Home Stay,Home Stay,795125,North Eastern Circle,North Eastern Region,Manipur Division,"Tamei S.O, Atang Khunou B.O, Chaiton B.O",+91 70056 94248,N/A,4.7,29.0,"One Mile Lady Road Officers Hill, NAP Camp Rd, near Near 6th, Dcoy, Kohima, Nagaland 797001",Dcoy,25.6669771,94.0982303,ChIJPTkcBN4hRjcR3QkqnugwmpI,https://www.google.com/maps/place/?q=place_id:ChIJPTkcBN4hRjcR3QkqnugwmpI,part_371,2026-09-20 20:22:30,19847
Lorin BnB,Hotel,Home Stay,Home Stay,795125,North Eastern Circle,North Eastern Region,Manipur Division,"Tamei S.O, Atang Khunou B.O, Chaiton B.O",+91 87878 43979,N/A,4.9,36.0,"H/No.197, Bible College Rd, near Christ for the nation, High School Colony, Kohima, Nagaland 797001",High School Colony,25.695337799999997,94.0972725,ChIJrfEjmCMhRjcRFhL88FD_KUc,https://www.google.com/maps/place/?q=place_id:ChIJrfEjmCMhRjcRFhL88FD_KUc,part_371,2026-09-20 20:22:30,19848
Hotel Ariel,Hotel,Hotel,Hotel,795125,North Eastern Circle,North Eastern Region,Manipur Division,"Tamei S.O, Atang Khunou B.O, Chaiton B.O",+91 76418 37766,N/A,3.9,351.0,"Govt. High School, Road, near ITI office, Lower Bayavü Hill, Kohima, Nagaland 797001",Lower Bayavü Hill,25.6874991,94.1009095,ChIJzXqoupohRjcRAAhQsWOkmD4,https://www.google.com/maps/place/?q=place_id:ChIJzXqoupohRjcRAAhQsWOkmD4,part_371,2026-09-20 20:22:30,19849
Southern Lodge,Hotel,Bed & breakfast,Bed & breakfast,795125,North Eastern Circle,North Eastern Region,Manipur Division,"Tamei S.O, Atang Khunou B.O, Chaiton B.O",N/A,N/A,4.6,32.0,"AIR road, Old Minister's Hill, Nagaland 797120",P.R. Hill,25.6568523,94.0989714,ChIJdZGhJ5ghRjcRlsI_OugLXK0,https://www.google.com/maps/place/?q=place_id:ChIJdZGhJ5ghRjcRlsI_OugLXK0,part_371,2026-09-20 20:22:30,19850
Alpine Homestay,Hotel,Home Stay,Home Stay,795125,North Eastern Circle,North Eastern Region,Manipur Division,"Tamei S.O, Atang Khunou B.O, Chaiton B.O",+91 87940 28698,N/A,4.7,43.0,"New Reserve Colony Rd, New Reserve Colony, Nagaland 797001",New Reserve Colony,25.645578399999998,94.1095797,ChIJdWa0DwAhRjcRWZOh4V12MDM,https://www.google.com/maps/place/?q=place_id:ChIJdWa0DwAhRjcRWZOh4V12MDM,part_371,2026-09-20 20:22:30,19851
AKIM HOMESTAY,Hotel,Home Stay,"Home Stay, Hotel",795125,North Eastern Circle,North Eastern Region,Manipur Division,"Tamei S.O, Atang Khunou B.O, Chaiton B.O",+91 98634 49366,N/A,4.4,149.0,"Billy Graham Rd, Kohima, Nagaland 797001",795125,25.693451699999997,94.1064011,ChIJNfV7YIYhRjcR5HdvOhLFo2c,https://www.google.com/maps/place/?q=place_id:ChIJNfV7YIYhRjcR5HdvOhLFo2c,part_371,2026-09-20 20:22:30,19852
The Core,Hotel,Hotel,Hotel,795125,North Eastern Circle,North Eastern Region,Manipur Division,"Tamei S.O, Atang Khunou B.O, Chaiton B.O",N/A,N/A,4.3,6.0,"High School Junction, Secretariat Road, opp. Vishal Market, Lower Bayavü Hill, Kohima, Nagaland 797001",Lower Bayavü Hill,25.6886312,94.09868259999999,ChIJSW_xPQAhRjcR9M4EPZ17e9g,https://www.google.com/maps/place/?q=place_id:ChIJSW_xPQAhRjcR9M4EPZ17e9g,part_371,2026-09-20 20:22:30,19853
Hotel Alpha,Hotel,Hotel,"Hotel, Restaurant",795126,North Eastern Circle,North Eastern Region,Manipur Division,"Dolang B.O, Dolang Khunou B.O, Bishnupur S.O (Bishnupur)",+91 60094 70905,https://sites.google.com/view/hotelalpha/home,3.4,34.0,"Bir Tikendrajit International Airport, Road, above Jio Mart store, makha leikai, Changangei, Imphal, Manipur 795140",makha leikai,24.761631599999998,93.8906933,ChIJl9Fr6LspSTcRj7Tsypv1kaA,https://www.google.com/maps/place/?q=place_id:ChIJl9Fr6LspSTcRj7Tsypv1kaA,part_371,2026-09-20 20:23:06,21906
Cheklaa Backpackers,Hotel,Backpacker Hostel,Backpacker Hostel,795126,North Eastern Circle,North Eastern Region,Manipur Division,"Dolang B.O, Dolang Khunou B.O, Bishnupur S.O (Bishnupur)",+91 385 295 5008,N/A,4.5,37.0,"palace compound, Plot No. 1, Govindajee Road, Angom Colony, Imphal, Manipur 795001",Angom Colony,24.798703099999997,93.94872869999999,ChIJM1s-spYnSTcR45_TD-Ci8IA,https://www.google.com/maps/place/?q=place_id:ChIJM1s-spYnSTcR45_TD-Ci8IA,part_371,2026-09-20 20:23:06,21907
Sakchi Hotel,Hotel,Hotel,Hotel,795127,North Eastern Circle,North Eastern Region,Manipur Division,"Chandel S.O, Duthang B.O, Larong B.O",N/A,N/A,5.0,1.0,"82M2+6HV, Pallel - Chandel Rd, Chandel, Manipur 795127",795127,24.3331222,94.0014317,ChIJTRLwquNDSTcRG_TWQ4cOzV0,https://www.google.com/maps/place/?q=place_id:ChIJTRLwquNDSTcRG_TWQ4cOzV0,part_371,2026-09-20 20:23:37,22901
Suresh Hotel Chandel,Hotel,Hotel,Hotel,795127,North Eastern Circle,North Eastern Region,Manipur Division,"Chandel S.O, Duthang B.O, Larong B.O",+91 96124 89860,N/A,3.9,26.0,"82M2+5P4, Chandel, Manipur 795127",795127,24.3329,94.00182,ChIJUSfvR5xDSTcRQw1ZNrCCtrg,https://www.google.com/maps/place/?q=place_id:ChIJUSfvR5xDSTcRQw1ZNrCCtrg,part_371,2026-09-20 20:23:37,22902
Ayush vabhani tea hotel,Hotel,Hotel,Hotel,795127,North Eastern Circle,North Eastern Region,Manipur Division,"Chandel S.O, Duthang B.O, Larong B.O",N/A,N/A,4.0,1.0,"82P2+WPV, Dc lamkhai, Manipur 795127",795127,24.3373639,94.001789,ChIJ9yCtG3tDSTcRyTVanPp0X48,https://www.google.com/maps/place/?q=place_id:ChIJ9yCtG3tDSTcRyTVanPp0X48,part_371,2026-09-20 20:23:37,22903
Japhou Hotel,Hotel,Hotel,Hotel,795127,North Eastern Circle,North Eastern Region,Manipur Division,"Chandel S.O, Duthang B.O, Larong B.O",N/A,N/A,3.4,5.0,"82M3+5PQ, Japhou, Chandel, Manipur 795127",Japhou,24.3329636,94.0043701,ChIJIyaGncRDSTcRk_0QmkEW0fA,https://www.google.com/maps/place/?q=place_id:ChIJIyaGncRDSTcRk_0QmkEW0fA,part_371,2026-09-20 20:23:37,22904
Shatrughan sa,Hotel,Hotel,Hotel,795127,North Eastern Circle,North Eastern Region,Manipur Division,"Chandel S.O, Duthang B.O, Larong B.O",N/A,N/A,5.0,2.0,"82J3+W5F, Unnamed Road, Chandel, Manipur 795127",795127,24.332317399999997,94.0029237,ChIJQQBiCuZDSTcRWjaCjgAl35I,https://www.google.com/maps/place/?q=place_id:ChIJQQBiCuZDSTcRWjaCjgAl35I,part_371,2026-09-20 20:23:38,22905
KARAM HOTEL AND RESORT,Hotel,Hotel,Hotel,795130,North Eastern Circle,North Eastern Region,Manipur Division,"Lilong S.O, Arapti B.O, Chajing pt. 1 B.O",N/A,N/A,3.6,,"PW7F+5FV, Langthabal Kunja, Lilong Chajing, Manipur 795130",795130,24.7129853,93.9236811,ChIJO9VRHxglSTcRLP12VyThX7U,https://www.google.com/maps/place/?q=place_id:ChIJO9VRHxglSTcRLP12VyThX7U,part_371,2026-09-20 20:25:26,27069
Wakila Bora hotel,Hotel,Hotel,Hotel,795130,North Eastern Circle,North Eastern Region,Manipur Division,"Lilong S.O, Arapti B.O, Chajing pt. 1 B.O",N/A,N/A,,,"JWPV+C98, Keibung Makha, Keibung, Nungei, Manipur 795138",Keibung,24.636032,93.943443,ChIJ2bzpIwA7STcRt4tnVw4yD2w,https://www.google.com/maps/place/?q=place_id:ChIJ2bzpIwA7STcRt4tnVw4yD2w,part_371,2026-09-20 20:25:26,27070
Hotel,Hotel,Hotel,Hotel,795130,North Eastern Circle,North Eastern Region,Manipur Division,"Lilong S.O, Arapti B.O, Chajing pt. 1 B.O",N/A,N/A,,,"Toupokpi Bazar, canchipur, Khoupum, Manipur 795003",canchipur,24.7285561,93.9297392,ChIJJ708_9glSTcRvMf-dbzt6C8,https://www.google.com/maps/place/?q=place_id:ChIJJ708_9glSTcRvMf-dbzt6C8,part_371,2026-09-20 20:25:26,27071
Tamphasana Hotel,Hotel,Hotel,Hotel,795130,North Eastern Circle,North Eastern Region,Manipur Division,"Lilong S.O, Arapti B.O, Chajing pt. 1 B.O",+91 98626 53676,N/A,,,"near Deepu Jewellery And Cosmetics, Wangmataba, Thoubal, Manipur 795138",Wangmataba,24.6436794,93.9980552,ChIJk1VXSDk9STcRSDQBQt-HDtA,https://www.google.com/maps/place/?q=place_id:ChIJk1VXSDk9STcRSDQBQt-HDtA,part_371,2026-09-20 20:25:26,27072
NG hotel,Hotel,Resort hotel,Resort hotel,795130,North Eastern Circle,North Eastern Region,Manipur Division,"Lilong S.O, Arapti B.O, Chajing pt. 1 B.O",N/A,N/A,5.0,,"MVRX+H9C, Unnamed Road, Samurou, Manipur 795009",795130,24.6914375,93.8983906,ChIJ2ePdI4MvSTcRyywj-O5sT0U,https://www.google.com/maps/place/?q=place_id:ChIJ2ePdI4MvSTcRyywj-O5sT0U,part_371,2026-09-20 20:25:26,27073
Medha Hotel,Hotel,Hotel,Hotel,795130,North Eastern Circle,North Eastern Region,Manipur Division,"Lilong S.O, Arapti B.O, Chajing pt. 1 B.O",N/A,N/A,3.9,,"MWF2+Q6V, Wangoi, Manipur 795009",795130,24.6744777,93.90054579999999,ChIJ5YvZGfovSTcR4c9-beTkXhE,https://www.google.com/maps/place/?q=place_id:ChIJ5YvZGfovSTcR4c9-beTkXhE,part_371,2026-09-20 20:25:26,27074
Pizza Hotel,Hotel,Hotel,Hotel,795130,North Eastern Circle,North Eastern Region,Manipur Division,"Lilong S.O, Arapti B.O, Chajing pt. 1 B.O",N/A,N/A,4.2,,"MWH2+XCP, Wabagai - Terapishak Rd, Samurou, Wangoi, Manipur 795009",795130,24.6799641,93.90108099999999,ChIJBeDANPEvSTcRY-YFJVqH6y0,https://www.google.com/maps/place/?q=place_id:ChIJBeDANPEvSTcRY-YFJVqH6y0,part_371,2026-09-20 20:25:26,27075
"Langlentombi Hotel, Thoubal Achouba Melaground",Hotel,Hotel,Hotel,795130,North Eastern Circle,North Eastern Region,Manipur Division,"Lilong S.O, Arapti B.O, Chajing pt. 1 B.O",+91 60093 75804,N/A,5.0,,"Melaground, Thoubal Achouba, Melaground, Thoubal, Manipur 795138","Melaground, Thoubal Achouba",24.6400298,94.0002473,ChIJEzl_Bgo9STcR-xN7aZelL0c,https://www.google.com/maps/place/?q=place_id:ChIJEzl_Bgo9STcR-xN7aZelL0c,part_371,2026-09-20 20:25:26,27076
RAJ HOTEL,Hotel,Hotel,Hotel,795130,North Eastern Circle,North Eastern Region,Manipur Division,"Lilong S.O, Arapti B.O, Chajing pt. 1 B.O",N/A,N/A,4.5,,"thongkha, Nambol, Manipur 795134",thongkha,24.718573799999998,93.83920669999999,ChIJNX8r-lEvSTcRQaNj5SALGlQ,https://www.google.com/maps/place/?q=place_id:ChIJNX8r-lEvSTcRQaNj5SALGlQ,part_371,2026-09-20 20:25:26,27077
Phou-Oi-Bee Hotel,Hotel,Hotel,Hotel,795130,North Eastern Circle,North Eastern Region,Manipur Division,"Lilong S.O, Arapti B.O, Chajing pt. 1 B.O",+91 76400 56789,N/A,4.1,,"Kabo Leikai Nongpok, North AOC, Manipur 795001",Ragailong,24.814829699999997,93.94555,ChIJmxq1awsnSTcRHigTB7bnnMk,https://www.google.com/maps/place/?q=place_id:ChIJmxq1awsnSTcRHigTB7bnnMk,part_371,2026-09-20 20:25:26,27078
"Top Hotel, Sabal Leikai",Hotel,Hotel,Hotel,795130,North Eastern Circle,North Eastern Region,Manipur Division,"Lilong S.O, Arapti B.O, Chajing pt. 1 B.O",N/A,N/A,5.0,,"PR7J+R9C, Nambol, Manipur 795134",795130,24.7145714,93.8308931,ChIJw6vLDQAvSTcRoXHM2Ld8wj8,https://www.google.com/maps/place/?q=place_id:ChIJw6vLDQAvSTcRoXHM2Ld8wj8,part_371,2026-09-20 20:25:26,27079
Leimapokpam Bembem,Hotel,Hotel,Hotel,795130,North Eastern Circle,North Eastern Region,Manipur Division,"Lilong S.O, Arapti B.O, Chajing pt. 1 B.O",+91 81319 96981,N/A,4.3,,"near Bridge, Wangmataba, Thoubal, Manipur 795138",Wangmataba,24.6445947,93.9965975,ChIJJ4BM6sU9STcRwG7QVYYabSg,https://www.google.com/maps/place/?q=place_id:ChIJJ4BM6sU9STcRwG7QVYYabSg,part_371,2026-09-20 20:25:26,27080
Tampha Hotel,Hotel,Hotel,Hotel,795130,North Eastern Circle,North Eastern Region,Manipur Division,"Lilong S.O, Arapti B.O, Chajing pt. 1 B.O",+91 98639 01970,N/A,3.6,,"North Assam Oil Company Dimapur, Road, Imphal, Manipur 795001",795130,24.8154011,93.9438421,ChIJpXJFkqgnSTcRraRuBDMEOxU,https://www.google.com/maps/place/?q=place_id:ChIJpXJFkqgnSTcRraRuBDMEOxU,part_371,2026-09-20 20:25:27,27081
Hotel Imolesh,Hotel,Hotel,Hotel,795130,North Eastern Circle,North Eastern Region,Manipur Division,"Lilong S.O, Arapti B.O, Chajing pt. 1 B.O",+91 70052 78351,N/A,4.2,,"Old Lambulane Rd, opposite GP women's college, Sanakhwa Yaima Kollup, Imphal, Manipur 795001",Sanakhwa Yaima Kollup,24.8012238,93.93862179999999,ChIJs3ZXMxonSTcR8VnWdZN-6Rs,https://www.google.com/maps/place/?q=place_id:ChIJs3ZXMxonSTcR8VnWdZN-6Rs,part_371,2026-09-20 20:25:27,27082
The Castle Hotel,Hotel,Hotel,Hotel,795130,North Eastern Circle,North Eastern Region,Manipur Division,"Lilong S.O, Arapti B.O, Chajing pt. 1 B.O",+91 93621 50634,https://www.thecastlehotel.in/,4.3,,"Angom Colony, Imphal, Manipur 795001",Angom Colony,24.798766099999998,93.9492879,ChIJnS44u8EnSTcRCSuG4bV7DSM,https://www.google.com/maps/place/?q=place_id:ChIJnS44u8EnSTcRCSuG4bV7DSM,part_371,2026-09-20 20:25:27,27083
Rich Hotel,Hotel,Lodge,Lodge,795131,North Eastern Circle,North Eastern Region,Manipur Division,"Bongajang B.O, Bongjang B.O, Changpol B.O",+91 94029 69349,N/A,3.1,,"68X2+RWP, Moreh, Manipur 795131",795131,24.2495795,94.302334,ChIJScgofz16STcRcpoK-WJciPs,https://www.google.com/maps/place/?q=place_id:ChIJScgofz16STcRcpoK-WJciPs,part_371,2026-09-20 20:25:59,28071
JM Hotel Moreh,Hotel,Hotel,Hotel,795131,North Eastern Circle,North Eastern Region,Manipur Division,"Bongajang B.O, Bongjang B.O, Changpol B.O",N/A,N/A,4.4,15.0,"Ward No. 7, Hospital Road, Heinoumakhong Leikai, Moreh, Manipur 795131",Heinoumakhong Leikai,24.2510841,94.3012784,ChIJVxhz5I97STcRHZUcppW4eKo,https://www.google.com/maps/place/?q=place_id:ChIJVxhz5I97STcRHZUcppW4eKo,part_371,2026-09-20 20:25:59,28072
karnajit residence,Hotel,Hotel,Hotel,795132,North Eastern Circle,North Eastern Region,Manipur Division,"Mayang Imphal S.O, Arong B.O, Bengoon Maning Leikai B.O",N/A,N/A,5.0,1.0,"JV9Q+53X, Mayang Imphal, Manipur 795132",795132,24.6179807,93.88774509999999,ChIJo1iWxcoxSTcRrgxcnScwcJg,https://www.google.com/maps/place/?q=place_id:ChIJo1iWxcoxSTcRrgxcnScwcJg,part_371,2026-09-20 20:26:33,28816
Geeta Cha Hotel,Hotel,Hotel,Hotel,795132,North Eastern Circle,North Eastern Region,Manipur Division,"Mayang Imphal S.O, Arong B.O, Bengoon Maning Leikai B.O",N/A,N/A,4.8,4.0,"Wabagai Lamkhai Keithel, Wabagai, Manipur 795103",795132,24.5190962,93.94157709999999,ChIJf0HuXVM4STcRGOrRBrkovdM,https://www.google.com/maps/place/?q=place_id:ChIJf0HuXVM4STcRGOrRBrkovdM,part_371,2026-09-20 20:26:33,28817
Geeta Cha Hotel And Variety Store,Hotel,Hotel,Hotel,795132,North Eastern Circle,North Eastern Region,Manipur Division,"Mayang Imphal S.O, Arong B.O, Bengoon Maning Leikai B.O",N/A,N/A,4.0,2.0,"GW9G+H38, Hiyanglam, Manipur 795103",795132,24.5189237,93.9252104,ChIJ96j8EjU4STcRyzAwpB0iwS4,https://www.google.com/maps/place/?q=place_id:ChIJ96j8EjU4STcRyzAwpB0iwS4,part_371,2026-09-20 20:26:33,28818
Leibaklei HOTEL,Hotel,Hotel,Hotel,795132,North Eastern Circle,North Eastern Region,Manipur Division,"Mayang Imphal S.O, Arong B.O, Bengoon Maning Leikai B.O",N/A,N/A,3.0,4.0,"HV5X+29F, Sekmaijin Bridge, Hayel, Manipur 795132",795132,24.557558999999998,93.898437,ChIJ5c1XeoU3STcR0WOs1VtwoTs,https://www.google.com/maps/place/?q=place_id:ChIJ5c1XeoU3STcR0WOs1VtwoTs,part_371,2026-09-20 20:26:33,28819
Binod Hotel,Hotel,Hotel,Hotel,795132,North Eastern Circle,North Eastern Region,Manipur Division,"Mayang Imphal S.O, Arong B.O, Bengoon Maning Leikai B.O",N/A,N/A,4.0,2.0,"GWGH+F9G, Wabagai - Terapishak Rd, near Lai Pangalba,795103, Hiyanglam, Manipur 795103",795132,24.526190399999997,93.92846109999999,ChIJK-MOjFk5STcR_COhvNhI3Cg,https://www.google.com/maps/place/?q=place_id:ChIJK-MOjFk5STcR_COhvNhI3Cg,part_371,2026-09-20 20:26:33,28820
Binanta Hotel,Hotel,Hotel,Hotel,795132,North Eastern Circle,North Eastern Region,Manipur Division,"Mayang Imphal S.O, Arong B.O, Bengoon Maning Leikai B.O",+91 97743 85848,N/A,3.0,4.0,"MV3X+GFF, Yumnam Huidrom, Thongkhong Laxmi Bazar, Manipur 795009",795132,24.6538041,93.89865669999999,ChIJWdATCgUwSTcRbDAgY7PFPNk,https://www.google.com/maps/place/?q=place_id:ChIJWdATCgUwSTcRbDAgY7PFPNk,part_371,2026-09-20 20:26:33,28821
Sangai Cafe & Sendra Hotel,Hotel,Hotel,Hotel,795132,North Eastern Circle,North Eastern Region,Manipur Division,"Mayang Imphal S.O, Arong B.O, Bengoon Maning Leikai B.O",+91 60095 87480,N/A,5.0,2.0,"GQ8W+44W, Sendra Rd, Mairembam Kolup, Moirang, Ithing, Manipur 795126",Mairembam Kolup,24.515350899999998,93.7953229,ChIJD2k45gY1STcRnsuR4Vy--9A,https://www.google.com/maps/place/?q=place_id:ChIJD2k45gY1STcRnsuR4Vy--9A,part_371,2026-09-20 20:26:33,28822
"Mayai Lambi Hotel,Oinam Lamkhai",Hotel,Hotel,Hotel,795132,North Eastern Circle,North Eastern Region,Manipur Division,"Mayang Imphal S.O, Arong B.O, Bengoon Maning Leikai B.O",+91 96128 66340,N/A,3.5,2.0,"Oinam, Imphal, Manipur 795009",795132,24.686542499999998,93.90175099999999,ChIJwf5IumcvSTcR0Io8aU3TJDU,https://www.google.com/maps/place/?q=place_id:ChIJwf5IumcvSTcR0Io8aU3TJDU,part_371,2026-09-20 20:26:33,28823
Leibaklei Hotel,Hotel,Hotel,Hotel,795132,North Eastern Circle,North Eastern Region,Manipur Division,"Mayang Imphal S.O, Arong B.O, Bengoon Maning Leikai B.O",N/A,N/A,4.0,1.0,"JWW9+8PV, Makha Leikai, Wangoi, Manipur 795009",Makha Leikai,24.6458533,93.9192846,ChIJy8cygbs6STcRzMLcgFzKEmQ,https://www.google.com/maps/place/?q=place_id:ChIJy8cygbs6STcRzMLcgFzKEmQ,part_371,2026-09-20 20:26:33,28824
Loktak Floating Hut,Hotel,Resort hotel,Resort hotel,795132,North Eastern Circle,North Eastern Region,Manipur Division,"Mayang Imphal S.O, Arong B.O, Bengoon Maning Leikai B.O",+91 98623 42729,N/A,5.0,1.0,"Loktak Floating Hut, Karang Keithel, Thanga, Moirang, Manipur 795133",795132,24.538542,93.8249891,ChIJ5dwSwZQ3STcRHikaJI2lmrI,https://www.google.com/maps/place/?q=place_id:ChIJ5dwSwZQ3STcRHikaJI2lmrI,part_371,2026-09-20 20:26:33,28825
Koibam,Hotel,Resort hotel,Resort hotel,795132,North Eastern Circle,North Eastern Region,Manipur Division,"Mayang Imphal S.O, Arong B.O, Bengoon Maning Leikai B.O",N/A,N/A,5.0,6.0,"HVQ3+8R, Mayang Imphal, Manipur 795132",795132,24.588293999999998,93.8544675,ChIJJ1tOdgAxSTcRggnD_l7VevU,https://www.google.com/maps/place/?q=place_id:ChIJJ1tOdgAxSTcRggnD_l7VevU,part_371,2026-09-20 20:26:33,28826
Houja kousar,Hotel,Hotel,Hotel,795132,North Eastern Circle,North Eastern Region,Manipur Division,"Mayang Imphal S.O, Arong B.O, Bengoon Maning Leikai B.O",N/A,N/A,4.0,1.0,"JV2J+HFW, I.B. Rd, Mayang Imphal, Manipur 795132",795132,24.601475699999998,93.8812011,ChIJIdnbIBgxSTcRTXNeGob_3-8,https://www.google.com/maps/place/?q=place_id:ChIJIdnbIBgxSTcRTXNeGob_3-8,part_371,2026-09-20 20:26:33,28827
HOTEL ENCANTO IMPHAL,Hotel,Hotel,Hotel,795132,North Eastern Circle,North Eastern Region,Manipur Division,"Mayang Imphal S.O, Arong B.O, Bengoon Maning Leikai B.O",+91 84148 14931,http://www.hotelencantoimphal.com/,4.5,,"Changangei Awang Leikai Rd, Langjing, Manipur 795140",795132,24.7667626,93.89710219999999,ChIJD8qMRgApSTcRJSGPngg7fyA,https://www.google.com/maps/place/?q=place_id:ChIJD8qMRgApSTcRJSGPngg7fyA,part_371,2026-09-20 20:26:33,28828
SURBENI HOTEL,Hotel,Bed & breakfast,Bed & breakfast,795132,North Eastern Circle,North Eastern Region,Manipur Division,"Mayang Imphal S.O, Arong B.O, Bengoon Maning Leikai B.O",N/A,N/A,4.4,,"Bir Tikendrajit International Airport, Airport tower, Langjing, Manipur 795140",795132,24.764984199999997,93.89432459999999,ChIJJQOz_uopSTcRxoLZ0B08KW4,https://www.google.com/maps/place/?q=place_id:ChIJJQOz_uopSTcRxoLZ0B08KW4,part_371,2026-09-20 20:26:33,28829
City Hotel,Hotel,Hotel,Hotel,795132,North Eastern Circle,North Eastern Region,Manipur Division,"Mayang Imphal S.O, Arong B.O, Bengoon Maning Leikai B.O",+91 98567 60894,N/A,3.7,15.0,"Yairipok, Manipur 795149",795132,24.6768125,94.0470625,ChIJbW5iW4AjSTcR1jM3NVwUokU,https://www.google.com/maps/place/?q=place_id:ChIJbW5iW4AjSTcR1jM3NVwUokU,part_371,2026-09-20 20:26:34,28830
Serene Villa & Cafe,Hotel,Home Stay,Home Stay,795132,North Eastern Circle,North Eastern Region,Manipur Division,"Mayang Imphal S.O, Arong B.O, Bengoon Maning Leikai B.O",+91 70056 25120,N/A,,,"Azad English school road, Meitram Makha, leikai, Changangei, Manipur 795140","Meitram Makha, leikai",24.7419117,93.8710536,ChIJuzlkWi4vSTcROiHJd1PJTVA,https://www.google.com/maps/place/?q=place_id:ChIJuzlkWi4vSTcROiHJd1PJTVA,part_371,2026-09-20 20:26:34,28831
RipTrip Andro Community Hut,Hotel,Lodging,Lodging,795132,North Eastern Circle,North Eastern Region,Manipur Division,"Mayang Imphal S.O, Arong B.O, Bengoon Maning Leikai B.O",N/A,https://www.facebook.com/riptrip.in,3.7,3.0,"Andro, Manipur 795149",795132,24.7693186,94.04910629999999,ChIJaaXIyN8hSTcR0w1WZwmT0BY,https://www.google.com/maps/place/?q=place_id:ChIJaaXIyN8hSTcR0w1WZwmT0BY,part_371,2026-09-20 20:26:34,28832
Hotel,Hotel,Hotel,Hotel,795133,North Eastern Circle,North Eastern Region,Manipur Division,"Kumbi (P) B.O, Kwakta B.O, Molphei Tampak B.O",N/A,N/A,5.0,1.0,"8VG6+9J7, Unnamed Road, Tangjeng Khunjao, Manipur 795133",795133,24.325921599999997,93.8615458,ChIJy7aG4VxPSTcRUug97cQXjpc,https://www.google.com/maps/place/?q=place_id:ChIJy7aG4VxPSTcRUug97cQXjpc,part_371,2026-09-20 20:27:06,29478
FRIENDS HOTEL,Hotel,Hotel,Hotel,795133,North Eastern Circle,North Eastern Region,Manipur Division,"Kumbi (P) B.O, Kwakta B.O, Molphei Tampak B.O",N/A,N/A,3.1,7.0,"FP6Q+9PX, Terakhongshangbi, Manipur 795133",795133,24.460980199999998,93.7393652,ChIJt__AFxm1TjcRIKA-3s6FDbo,https://www.google.com/maps/place/?q=place_id:ChIJt__AFxm1TjcRIKA-3s6FDbo,part_371,2026-09-20 20:27:06,29479
Nilachandra,Hotel,Hotel,Hotel,795133,North Eastern Circle,North Eastern Region,Manipur Division,"Kumbi (P) B.O, Kwakta B.O, Molphei Tampak B.O",N/A,N/A,5.0,2.0,"FQHW+4HQ, Chandpur, Manipur 795133",795133,24.4778363,93.7964798,ChIJoevPKn01STcRsjdu-YLU7os,https://www.google.com/maps/place/?q=place_id:ChIJoevPKn01STcRsjdu-YLU7os,part_371,2026-09-20 20:27:06,29480
Bijiya hotel,Hotel,Hotel,Hotel,795133,North Eastern Circle,North Eastern Region,Manipur Division,"Kumbi (P) B.O, Kwakta B.O, Molphei Tampak B.O",N/A,N/A,5.0,1.0,"CR3R+JVJ, Wangoo Rd, Wangoo Ahallup, Manipur 795133",795133,24.404098299999998,93.84212529999999,ChIJrUueNTZJSTcRmrLtFBsa5k0,https://www.google.com/maps/place/?q=place_id:ChIJrUueNTZJSTcRmrLtFBsa5k0,part_371,2026-09-20 20:27:06,29481
Tea Hotel,Hotel,Hotel,Hotel,795133,North Eastern Circle,North Eastern Region,Manipur Division,"Kumbi (P) B.O, Kwakta B.O, Molphei Tampak B.O",N/A,N/A,2.8,5.0,"GP3H+PF8, Khousabung, Manipur 795133",795133,24.504291499999997,93.7287107,ChIJ83eWMcfKTjcROK9QSNGNgLA,https://www.google.com/maps/place/?q=place_id:ChIJ83eWMcfKTjcROK9QSNGNgLA,part_371,2026-09-20 20:27:06,29482
Zamaal Masajid Borayangbi,Hotel,Hotel,Hotel,795133,North Eastern Circle,North Eastern Region,Manipur Division,"Kumbi (P) B.O, Kwakta B.O, Molphei Tampak B.O",N/A,N/A,4.1,12.0,"9RGJ+FXR, Borayangbi, Sagang, Manipur 795133",Borayangbi,24.376240199999998,93.83239669999999,ChIJf4XoNKxOSTcRAnBCtUQqWok,https://www.google.com/maps/place/?q=place_id:ChIJf4XoNKxOSTcRAnBCtUQqWok,part_371,2026-09-20 20:27:06,29483
Chochong Hotel,Hotel,Hotel,Hotel,795133,North Eastern Circle,North Eastern Region,Manipur Division,"Kumbi (P) B.O, Kwakta B.O, Molphei Tampak B.O",N/A,N/A,3.9,14.0,"9PH5+MQQ, Churachandpur, Manipur 795128",795133,24.3792026,93.7094707,ChIJ9VmGa3yzTjcRMEBuztAc1VQ,https://www.google.com/maps/place/?q=place_id:ChIJ9VmGa3yzTjcRMEBuztAc1VQ,part_371,2026-09-20 20:27:06,29484
SINGJU POINT,Hotel,Hotel,Hotel,795133,North Eastern Circle,North Eastern Region,Manipur Division,"Kumbi (P) B.O, Kwakta B.O, Molphei Tampak B.O",N/A,N/A,,,"near Makkah Masjid, Ward No.7, Kwakta, Moirang, Ukhatampak, Manipur 795133","Ward No.7, Kwakta",24.4435655,93.7289011,ChIJy4t87fa1TjcRDio0P4eU1Dk,https://www.google.com/maps/place/?q=place_id:ChIJy4t87fa1TjcRDio0P4eU1Dk,part_371,2026-09-20 20:27:06,29485
Kwakta,Hotel,Hotel,Hotel,795133,North Eastern Circle,North Eastern Region,Manipur Division,"Kumbi (P) B.O, Kwakta B.O, Molphei Tampak B.O",N/A,N/A,,,"CPXJ+97F, Kwakta, Ukhatampak, Manipur 795133",Kwakta,24.448411,93.730662,ChIJRdsGIwC1TjcRwuaNDnb_JoI,https://www.google.com/maps/place/?q=place_id:ChIJRdsGIwC1TjcRwuaNDnb_JoI,part_371,2026-09-20 20:27:06,29486
Ngailut Hotel,Hotel,Hotel,Hotel,795133,North Eastern Circle,North Eastern Region,Manipur Division,"Kumbi (P) B.O, Kwakta B.O, Molphei Tampak B.O",N/A,N/A,3.5,,"9PM3+8X2, Koite/Kumbipukhri, Manipur 795128",795133,24.3832733,93.7048823,ChIJm6u4z3-zTjcRzalLGhSQqso,https://www.google.com/maps/place/?q=place_id:ChIJm6u4z3-zTjcRzalLGhSQqso,part_371,2026-09-20 20:27:07,29487
LAISHRAM ENTERPRISES,Hotel,Hotel,Hotel,795134,North Eastern Circle,North Eastern Region,Manipur Division,"Nambol S.O, Awangjiri B.O, Bungte Chiru B.O",+91 87310 29019,N/A,5.0,1.0,"Phadibi Road, Maning Leikai, Langpok, Manipur 795134",Maning Leikai,24.717040599999997,93.86758739999999,ChIJv3cy6eQvSTcRfG_VsejCn7c,https://www.google.com/maps/place/?q=place_id:ChIJv3cy6eQvSTcRfG_VsejCn7c,part_371,2026-09-20 20:27:39,30016
Hotel Dibya,Hotel,Hotel,Hotel,795134,North Eastern Circle,North Eastern Region,Manipur Division,"Nambol S.O, Awangjiri B.O, Bungte Chiru B.O",+91 88374 17289,N/A,4.3,3.0,"National Highway 2, Thangtek, Manipur 795134",795134,24.7175868,93.8365986,ChIJr4IfwoguSTcR48k0S08x8to,https://www.google.com/maps/place/?q=place_id:ChIJr4IfwoguSTcR48k0S08x8to,part_371,2026-09-20 20:27:39,30017
"Bhanu Hotel, Thangtek",Hotel,Hotel,Hotel,795134,North Eastern Circle,North Eastern Region,Manipur Division,"Nambol S.O, Awangjiri B.O, Bungte Chiru B.O",N/A,N/A,3.5,11.0,"PRQQ+9WQ, Irengbam, Konthoujam, Manipur 795134",795134,24.738459799999998,93.8398672,ChIJ-SY62b0uSTcRXz7bADVReQc,https://www.google.com/maps/place/?q=place_id:ChIJ-SY62b0uSTcRXz7bADVReQc,part_371,2026-09-20 20:27:39,30018
For hotel,Hotel,Hotel,Hotel,795134,North Eastern Circle,North Eastern Region,Manipur Division,"Nambol S.O, Awangjiri B.O, Bungte Chiru B.O",N/A,N/A,4.5,2.0,"PVV9+24G, NH2, Yarou Bamdiar, Changangei, Manipur 795140",795134,24.7425557,93.8678223,ChIJXUdonKIvSTcRpCpIugMzgBw,https://www.google.com/maps/place/?q=place_id:ChIJXUdonKIvSTcRpCpIugMzgBw,part_371,2026-09-20 20:27:39,30019
Sekmai Hotel,Hotel,Hotel,Hotel,795134,North Eastern Circle,North Eastern Region,Manipur Division,"Nambol S.O, Awangjiri B.O, Bungte Chiru B.O",+91 92332 89403,N/A,5.0,1.0,"Khumbong Bazar, Khumbong, Manipur 795113",795134,24.7711419,93.8257031,ChIJLTNz-XApSTcREZkdT3j5MJU,https://www.google.com/maps/place/?q=place_id:ChIJLTNz-XApSTcREZkdT3j5MJU,part_371,2026-09-20 20:27:39,30020
LOVELY/POPPY,Hotel,Hotel,Hotel,795134,North Eastern Circle,North Eastern Region,Manipur Division,"Nambol S.O, Awangjiri B.O, Bungte Chiru B.O",+91 81328 77889,N/A,4.0,1.0,"AWANG LEIKAI, Utlou, Yarou Meitram, Manipur 795140",AWANG LEIKAI,24.7317775,93.85799659999999,ChIJ2_0L7tEvSTcRIBl2QWJQW5g,https://www.google.com/maps/place/?q=place_id:ChIJ2_0L7tEvSTcRIBl2QWJQW5g,part_371,2026-09-20 20:27:39,30021
Inaoch's Hotel,Hotel,Hotel,Hotel,795134,North Eastern Circle,North Eastern Region,Manipur Division,"Nambol S.O, Awangjiri B.O, Bungte Chiru B.O",+91 82598 23298,N/A,3.0,1.0,"MQFQ+556, Keinou Thongkha Mamang Leikai Rd, Yanglem Leikai, Keinou Thongkha, Manipur 795134",795134,24.6729122,93.7878843,ChIJWd8Q3oMtSTcRiQLwsTVh8n4,https://www.google.com/maps/place/?q=place_id:ChIJWd8Q3oMtSTcRiQLwsTVh8n4,part_371,2026-09-20 20:27:39,30022
MK hotel,Hotel,Hotel,Hotel,795134,North Eastern Circle,North Eastern Region,Manipur Division,"Nambol S.O, Awangjiri B.O, Bungte Chiru B.O",N/A,N/A,4.5,4.0,"JQPQ+2J3, Takhellambam Laikai, Ngaikhong, Ngaikhong Khullen, Manipur 795126",Takhellambam Laikai,24.6350063,93.789058,ChIJhZYGY1kySTcROzCaVIlsPHQ,https://www.google.com/maps/place/?q=place_id:ChIJhZYGY1kySTcROzCaVIlsPHQ,part_371,2026-09-20 20:27:39,30023
Mangi Farmhouse,Hotel,Resort hotel,Resort hotel,795134,North Eastern Circle,North Eastern Region,Manipur Division,"Nambol S.O, Awangjiri B.O, Bungte Chiru B.O",+91 60097 45762,N/A,5.0,1.0,"MQHX+X25, Yumnam Khunou, Manipur 795134",795134,24.6798829,93.79762009999999,ChIJQ2BmG-0tSTcRkuHehvQYmHI,https://www.google.com/maps/place/?q=place_id:ChIJQ2BmG-0tSTcRkuHehvQYmHI,part_371,2026-09-20 20:27:39,30024
Amu Hotel,Hotel,Hotel,Hotel,795135,North Eastern Circle,North Eastern Region,Manipur Division,"Pallel S.O, Aimol Kodamphai B.O, Angbrashu B.O",N/A,N/A,4.1,13.0,"H2P3+895, Wanjing to Tentha, Sangaiyumpham, Manipur 795148",795135,24.5857551,94.0034751,ChIJPQBydBQ8STcRajtdOAN10Xw,https://www.google.com/maps/place/?q=place_id:ChIJPQBydBQ8STcRajtdOAN10Xw,part_371,2026-09-20 20:28:13,30933
Khwairakpam Surjit,Hotel,Hotel,Hotel,795138,North Eastern Circle,North Eastern Region,Manipur Division,"Thoubal S.O, Athokpam B.O, Athokpam Khunou B.O",+91 80143 62196,N/A,,,"Thoubal Mela Ground, Thoubal Achouba, Thoubal, Manipur 795138",Thoubal Achouba,24.6392183,94.0012859,ChIJiRf_-tU9STcR-GOY0TxW9LI,https://www.google.com/maps/place/?q=place_id:ChIJiRf_-tU9STcR-GOY0TxW9LI,part_371,2026-09-20 20:29:23,32328
Athokpam House,Hotel,Hotel,Hotel,795138,North Eastern Circle,North Eastern Region,Manipur Division,"Thoubal S.O, Athokpam B.O, Athokpam Khunou B.O",N/A,N/A,,,"J293+QJ4, Athokpam, Manipur 795138",795138,24.6195485,94.00423769999999,ChIJIRwaXQA9STcRpUwN0SluCMc,https://www.google.com/maps/place/?q=place_id:ChIJIRwaXQA9STcRpUwN0SluCMc,part_371,2026-09-20 20:29:24,32329
Kingkin Hotel,Hotel,Hotel,Hotel,795139,North Eastern Circle,North Eastern Region,Manipur Division,"Singhat S.O, Behiang B.O, Hengtam B.O",N/A,N/A,5.0,,"9MCX+3M, Churachandpur, Manipur 795128",795139,24.370156599999998,93.6991707,ChIJQwZHAx-zTjcRwUFTcoI9_YE,https://www.google.com/maps/place/?q=place_id:ChIJQwZHAx-zTjcRwUFTcoI9_YE,part_371,2026-09-20 20:29:55,32846
Feli Hotel,Hotel,Hotel,Hotel,795139,North Eastern Circle,North Eastern Region,Manipur Division,"Singhat S.O, Behiang B.O, Hengtam B.O",+91 87299 28264,N/A,,,"Saikot, Churachandpur, Manipur 795128",795139,24.325757499999998,93.728093,ChIJ64erpvWzTjcRJLvCXAEfOd0,https://www.google.com/maps/place/?q=place_id:ChIJ64erpvWzTjcRJLvCXAEfOd0,part_371,2026-09-20 20:29:55,32847
chingching inn,Hotel,Hotel,Hotel,795139,North Eastern Circle,North Eastern Region,Manipur Division,"Singhat S.O, Behiang B.O, Hengtam B.O",N/A,N/A,3.6,,"8MMG+G6F, Pearsonmun, Churachandpur, Manipur 795128",Pearsonmun,24.3338012,93.6755608,ChIJm3mcrzOyTjcRH4BDWi8EKdU,https://www.google.com/maps/place/?q=place_id:ChIJm3mcrzOyTjcRH4BDWi8EKdU,part_371,2026-09-20 20:29:55,32848
Lenpu house,Hotel,Hotel,Hotel,795139,North Eastern Circle,North Eastern Region,Manipur Division,"Singhat S.O, Behiang B.O, Hengtam B.O",N/A,N/A,5.0,,"9PF2+WVC, K. Salbung, Churachandpur, Manipur 795128",K. Salbung,24.374803699999998,93.7020974,ChIJ20wOXWazTjcRmmZCogMT2kA,https://www.google.com/maps/place/?q=place_id:ChIJ20wOXWazTjcRmmZCogMT2kA,part_371,2026-09-20 20:29:55,32849
Pauzagou Inn,Hotel,Hotel,Hotel,795139,North Eastern Circle,North Eastern Region,Manipur Division,"Singhat S.O, Behiang B.O, Hengtam B.O",N/A,N/A,3.3,,"9P44+59H, Jangnomphai, Churachandpur, Manipur 795128",Jangnomphai,24.3554456,93.70599639999999,ChIJs1VeJSezTjcRRoeSIUlO9i8,https://www.google.com/maps/place/?q=place_id:ChIJs1VeJSezTjcRRoeSIUlO9i8,part_371,2026-09-20 20:29:55,32850
Seithang Hotel,Hotel,Hotel,Hotel,795139,North Eastern Circle,North Eastern Region,Manipur Division,"Singhat S.O, Behiang B.O, Hengtam B.O",N/A,N/A,3.7,,"9M9X+RJG, Kingkin, Churachandpur, Manipur 795128",795139,24.369566,93.6990891,ChIJ8ejSipyzTjcRY-tjL7WM-wI,https://www.google.com/maps/place/?q=place_id:ChIJ8ejSipyzTjcRY-tjL7WM-wI,part_371,2026-09-20 20:29:55,32851
Roselyn HOTEL,Hotel,Hotel,Hotel,795139,North Eastern Circle,North Eastern Region,Manipur Division,"Singhat S.O, Behiang B.O, Hengtam B.O",N/A,N/A,5.0,,"8PQ6+538, Rengkai, Churachandpur, Manipur 795128",Rengkai,24.3379096,93.7101998,ChIJf77DEWizTjcRvdOB2vUXGvA,https://www.google.com/maps/place/?q=place_id:ChIJf77DEWizTjcRvdOB2vUXGvA,part_371,2026-09-20 20:29:55,32852
M/S.Nenei Hotel,Hotel,Hotel,Hotel,795139,North Eastern Circle,North Eastern Region,Manipur Division,"Singhat S.O, Behiang B.O, Hengtam B.O",N/A,N/A,3.8,,"Lamkim,NH2, Henglep, Manipur 795128",795139,24.3559,93.521835,ChIJx00eoL27TjcRUAPs5ZUS7T4,https://www.google.com/maps/place/?q=place_id:ChIJx00eoL27TjcRUAPs5ZUS7T4,part_371,2026-09-20 20:29:55,32853
Jonathan,Hotel,Hotel,Hotel,795139,North Eastern Circle,North Eastern Region,Manipur Division,"Singhat S.O, Behiang B.O, Hengtam B.O",N/A,N/A,4.5,,"9P25+C83, New Zou Veng, Churachandpur, Manipur 795128",New Zou Veng,24.3510237,93.70829169999999,ChIJ6fA80hWzTjcREATAHt8skFk,https://www.google.com/maps/place/?q=place_id:ChIJ6fA80hWzTjcREATAHt8skFk,part_371,2026-09-20 20:29:55,32854
Nianghoih HOTEL Singngat,Hotel,Hotel,Hotel,795139,North Eastern Circle,North Eastern Region,Manipur Division,"Singhat S.O, Behiang B.O, Hengtam B.O",N/A,N/A,3.8,,"4HXV+X4J, Singngat, Manipur 795139",795139,24.1499508,93.59276729999999,ChIJo20MaampTjcRmH06MUSwyvA,https://www.google.com/maps/place/?q=place_id:ChIJo20MaampTjcRmH06MUSwyvA,part_371,2026-09-20 20:29:55,32855
Pu Kaikhup Samte Inn,Hotel,Hotel,Hotel,795139,North Eastern Circle,North Eastern Region,Manipur Division,"Singhat S.O, Behiang B.O, Hengtam B.O",N/A,N/A,4.5,2.0,"4HJQ+V66, Tangpizawl, Manipur 795139",795139,24.1321634,93.5880044,ChIJTZPo1vypTjcRj6QFihs4o6Q,https://www.google.com/maps/place/?q=place_id:ChIJTZPo1vypTjcRj6QFihs4o6Q,part_371,2026-09-20 20:29:55,32856
Sangi Tea HOTEL,Hotel,Hotel,Hotel,795139,North Eastern Circle,North Eastern Region,Manipur Division,"Singhat S.O, Behiang B.O, Hengtam B.O",+91 70853898620,N/A,4.1,11.0,"4HXR+MC8, Singngat, Manipur 795139",795139,24.149167799999997,93.5910881,ChIJq6qq6nyoTjcRou2D6rQOSrs,https://www.google.com/maps/place/?q=place_id:ChIJq6qq6nyoTjcRou2D6rQOSrs,part_371,2026-09-20 20:29:55,32857
Vengpi Tea Hotel,Hotel,Hotel,Hotel,795139,North Eastern Circle,North Eastern Region,Manipur Division,"Singhat S.O, Behiang B.O, Hengtam B.O",N/A,N/A,4.1,8.0,"XHQ3+64R, Behiang, Manipur 795139",795139,23.9881225,93.5527568,ChIJobYdum0bTDcRp7Klc9D1vAI,https://www.google.com/maps/place/?q=place_id:ChIJobYdum0bTDcRp7Klc9D1vAI,part_371,2026-09-20 20:29:55,32858
Songtal kitchen,Hotel,Hotel,Hotel,795139,North Eastern Circle,North Eastern Region,Manipur Division,"Singhat S.O, Behiang B.O, Hengtam B.O",N/A,N/A,4.9,7.0,"5989+584, Guite Rd, Songtal, Manipur 795139",795139,24.1654357,93.3685501,ChIJZ5qScACfTjcRfQaaWt0qW-Y,https://www.google.com/maps/place/?q=place_id:ChIJZ5qScACfTjcRfQaaWt0qW-Y,part_371,2026-09-20 20:29:55,32859
TDL Hotel,Hotel,Hotel,Hotel,795139,North Eastern Circle,North Eastern Region,Manipur Division,"Singhat S.O, Behiang B.O, Hengtam B.O",N/A,N/A,5.0,2.0,"5H2V+5C3, Singngat, Manipur 795139",795139,24.1503995,93.59355359999999,ChIJQR0qNYioTjcRos8-ifN1OuA,https://www.google.com/maps/place/?q=place_id:ChIJQR0qNYioTjcRos8-ifN1OuA,part_371,2026-09-20 20:29:55,32860
Hotel New Airlines,Hotel,Hotel,Hotel,795140,North Eastern Circle,North Eastern Region,Manipur Division,"Tulihal S.O, Laiphrakom B.O, Sangaiprou B.O",+91 385 244 0593,N/A,3.6,193.0,"M.G. Avenue, opp. State Bank of India, Thangal Bazar, Imphal, Manipur 795001",Thangal Bazar,24.8105044,93.9371941,ChIJcfn9-q0nSTcRnOb3PA_4Rb4,https://www.google.com/maps/place/?q=place_id:ChIJcfn9-q0nSTcRnOb3PA_4Rb4,part_371,2026-09-20 20:30:31,33580
Hotel Nirmala,Hotel,Hotel,Hotel,795140,North Eastern Circle,North Eastern Region,Manipur Division,"Tulihal S.O, Laiphrakom B.O, Sangaiprou B.O",+91 385 245 8904,N/A,3.9,980.0,"RW6P+6M6 Hotel Nirmala, Gandhi Ave, opposite City Police, Thangal Bazar, Imphal, Manipur 795001",Thangal Bazar,24.8104268,93.9362752,ChIJa7sbBbInSTcRAZBNBEHf3Ho,https://www.google.com/maps/place/?q=place_id:ChIJa7sbBbInSTcRAZBNBEHf3Ho,part_371,2026-09-20 20:30:31,33581
Hojai Farmland,Hotel,Farmstay,Farmstay,795141,North Eastern Circle,North Eastern Region,Manipur Division,"Tamenglong S.O, Tamenglong Khunjao B.O, Tharon B.O",N/A,N/A,4.6,19.0,"near Diyung Bridge, Haflong, Assam 788819",795141,25.2042955,93.0204797,ChIJWRsXbPmhTzcRafOhCSr5fHA,https://www.google.com/maps/place/?q=place_id:ChIJWRsXbPmhTzcRafOhCSr5fHA,part_371,2026-09-20 20:31:01,34277
BeeHive,Hotel,Home Stay,Home Stay,795141,North Eastern Circle,North Eastern Region,Manipur Division,"Tamenglong S.O, Tamenglong Khunjao B.O, Tharon B.O",+91 84537 49569,N/A,4.6,9.0,"near haflong govt college, Hagjer Nagar, Haflong, Assam 788819",Hagjer Nagar,25.1687613,93.0177964,ChIJvyLpkpehTzcR_eejlsReUKo,https://www.google.com/maps/place/?q=place_id:ChIJvyLpkpehTzcR_eejlsReUKo,part_371,2026-09-20 20:31:01,34278
Fisherman's paradise,Hotel,Home Stay,Home Stay,795141,North Eastern Circle,North Eastern Region,Manipur Division,"Tamenglong S.O, Tamenglong Khunjao B.O, Tharon B.O",N/A,N/A,4.2,5.0,"4JH6+WPW, Piulong, Manipur 795125",Piulong,25.1298587,93.61181839999999,ChIJ6wxaQMoxTzcRCuf7uuPYoEc,https://www.google.com/maps/place/?q=place_id:ChIJ6wxaQMoxTzcRCuf7uuPYoEc,part_371,2026-09-20 20:31:01,34279
Citizen Hotel,Hotel,Hotel,Hotel,795141,North Eastern Circle,North Eastern Region,Manipur Division,"Tamenglong S.O, Tamenglong Khunjao B.O, Tharon B.O",N/A,N/A,3.8,4.0,"VJ5F+QQW, Noney, Manipur 795159",795141,24.859491,93.62446299999999,ChIJBZgakc7XTjcR_jrqsGiVPg8,https://www.google.com/maps/place/?q=place_id:ChIJBZgakc7XTjcR_jrqsGiVPg8,part_371,2026-09-20 20:31:01,34280
BarGsaign Residency,Hotel,Hotel,Hotel,795141,North Eastern Circle,North Eastern Region,Manipur Division,"Tamenglong S.O, Tamenglong Khunjao B.O, Tharon B.O",+91 86381 24060,N/A,3.9,174.0,"Sainza Razi, PC Langthasa Road, Halflong East, Haflong, Assam 788819",Halflong East,25.1661316,93.0206697,ChIJNxjfV8-hTzcR_aSksWXBWx4,https://www.google.com/maps/place/?q=place_id:ChIJNxjfV8-hTzcR_aSksWXBWx4,part_371,2026-09-20 20:31:01,34281
Naorai Kho,Hotel,Hotel,Hotel,795141,North Eastern Circle,North Eastern Region,Manipur Division,"Tamenglong S.O, Tamenglong Khunjao B.O, Tharon B.O",+91 76360 76398,http://naoraikhohotel.com/,4.5,115.0,"Gadain Raji, Autonomous Council, behind Dima Hasao, Halflong East, Haflong, Assam 788819",Halflong East,25.160096799999998,93.0191842,ChIJ-SCJLAChTzcRrxjeVHSWATc,https://www.google.com/maps/place/?q=place_id:ChIJ-SCJLAChTzcRrxjeVHSWATc,part_371,2026-09-20 20:31:01,34282
S.W Hading Guest House,Hotel,Guest house,Guest house,795141,North Eastern Circle,North Eastern Region,Manipur Division,"Tamenglong S.O, Tamenglong Khunjao B.O, Tharon B.O",+91 93956 90686,https://swhadingguesthouse.com/,4.1,49.0,"near I Love, Shivarai Hading, Boro Haflong, Haflong, Assam 788819",Shivarai Hading,25.1393061,93.01860359999999,ChIJ8wtIPL-nTzcRCSPqRAsJL9M,https://www.google.com/maps/place/?q=place_id:ChIJ8wtIPL-nTzcRCSPqRAsJL9M,part_371,2026-09-20 20:31:01,34283
PRONITA HOTEL,Hotel,Hotel,Hotel,795141,North Eastern Circle,North Eastern Region,Manipur Division,"Tamenglong S.O, Tamenglong Khunjao B.O, Tharon B.O",N/A,N/A,3.8,49.0,"843Q+288, Maibang Bazar, Maibang, Assam 788831",Maibang Bazar,25.3025445,93.13832719999999,ChIJ9RfDj_V1TzcR6j1_Sc0GkQk,https://www.google.com/maps/place/?q=place_id:ChIJ9RfDj_V1TzcR6j1_Sc0GkQk,part_371,2026-09-20 20:31:01,34284
Singson Rural Homestay,Hotel,Home Stay,Home Stay,795141,North Eastern Circle,North Eastern Region,Manipur Division,"Tamenglong S.O, Tamenglong Khunjao B.O, Tharon B.O",N/A,N/A,4.0,4.0,"42JX+V9V, N. Leikul, Haflong, Assam 788830",795141,25.1322419,93.048428,ChIJ8TZqWQCnTzcRRLXIVpFsV9g,https://www.google.com/maps/place/?q=place_id:ChIJ8TZqWQCnTzcRRLXIVpFsV9g,part_371,2026-09-20 20:31:01,34285
Chingri Ngayin Lodge,Hotel,Hotel,Hotel,795142,North Eastern Circle,North Eastern Region,Manipur Division,"Ukhrul S.O, Chamu B.O, Chingai (P) B.O",+91 96121 13946,N/A,4.2,,"Wino Bazaar, Rayotang, Off, Road, Ukhrul, Manipur 795142",795142,25.1076926,94.35973039999999,ChIJl1fJk7H3SDcRd_pRmOS7_nc,https://www.google.com/maps/place/?q=place_id:ChIJl1fJk7H3SDcRd_pRmOS7_nc,part_371,2026-09-20 20:31:33,35103
"Camp David, Kigwema",Hotel,Campground,"Campground, Hotel",795142,North Eastern Circle,North Eastern Region,Manipur Division,"Ukhrul S.O, Chamu B.O, Chingai (P) B.O",N/A,http://www.indiatrail.org/,4.8,,"Hornbill - Kisama Rd, Kigwema, Zakhama, Nagaland 797006",795142,25.6078734,94.11192229999999,ChIJnd25XoAgRjcRxMBWB0DGLik,https://www.google.com/maps/place/?q=place_id:ChIJnd25XoAgRjcRxMBWB0DGLik,part_371,2026-09-20 20:31:33,35104
Olive homestay,Hotel,Home Stay,Home Stay,795142,North Eastern Circle,North Eastern Region,Manipur Division,"Ukhrul S.O, Chamu B.O, Chingai (P) B.O",+91 97742 57242,N/A,4.6,,"High School Junction, High School Colony, Kohima, Nagaland 797121",High School Colony,25.696098799999998,94.09531129999999,ChIJbWpmeRkhRjcRe7-X-EpTBb0,https://www.google.com/maps/place/?q=place_id:ChIJbWpmeRkhRjcRe7-X-EpTBb0,part_371,2026-09-20 20:31:34,35105
Abu Homestay,Hotel,Home Stay,Home Stay,795142,North Eastern Circle,North Eastern Region,Manipur Division,"Ukhrul S.O, Chamu B.O, Chingai (P) B.O",+91 70056 33079,N/A,4.7,,"Billy Graham Rd, Kohima, Nagaland 797001",795142,25.693344,94.1057206,ChIJoQ6rFykhRjcR4iq6EKr8htw,https://www.google.com/maps/place/?q=place_id:ChIJoQ6rFykhRjcR4iq6EKr8htw,part_371,2026-09-20 20:31:34,35106
Ara ki serviced apartments,Hotel,Home Stay,Home Stay,795142,North Eastern Circle,North Eastern Region,Manipur Division,"Ukhrul S.O, Chamu B.O, Chingai (P) B.O",N/A,N/A,4.4,,"015A, Naga Hospital Rd, Hospital Colony, Kohima, Nagaland 797001",Hospital Colony,25.6690787,94.09974509999999,ChIJKT6UAAAhRjcRRkjNG41RqNI,https://www.google.com/maps/place/?q=place_id:ChIJKT6UAAAhRjcRRkjNG41RqNI,part_371,2026-09-20 20:31:34,35107
Hotel Royal Orbit,Hotel,Hotel,Hotel,795142,North Eastern Circle,North Eastern Region,Manipur Division,"Ukhrul S.O, Chamu B.O, Chingai (P) B.O",+91 93830 06653,N/A,5.0,,"Old nst, New Market Rd, Daklane, Kohima, Nagaland 797001",Daklane,25.671462899999998,94.1066943,ChIJ9x1fDmUhRjcRUjJpKCqQcaQ,https://www.google.com/maps/place/?q=place_id:ChIJ9x1fDmUhRjcRUjJpKCqQcaQ,part_371,2026-09-20 20:31:34,35108
JustGoCamping Hornbill Festival Campsite,Hotel,Campground,Campground,795142,North Eastern Circle,North Eastern Region,Manipur Division,"Ukhrul S.O, Chamu B.O, Chingai (P) B.O",+91 84149 92991,N/A,4.0,,"Naga Heritage Village, Kisama, Kohima, Nagaland 797006",Kisama,25.618868799999998,94.1144525,ChIJt2UZCIghRjcRnwRSdHfhFMU,https://www.google.com/maps/place/?q=place_id:ChIJt2UZCIghRjcRnwRSdHfhFMU,part_371,2026-09-20 20:31:34,35109
Modern Hotel,Hotel,Hotel,Hotel,795147,North Eastern Circle,North Eastern Region,Manipur Division,"Nungba S.O, Khongsang B.O, Kambiron B.O",N/A,N/A,5.0,1.0,"PCWG+865, Nungba, Manipur 795147",795147,24.745756,93.425606,ChIJ9e2mfGfdTjcRHLl_KfCIM34,https://www.google.com/maps/place/?q=place_id:ChIJ9e2mfGfdTjcRHLl_KfCIM34,part_371,2026-09-20 20:33:46,40112
Vanu Meitei Hotel,Hotel,Hotel,Hotel,795147,North Eastern Circle,North Eastern Region,Manipur Division,"Nungba S.O, Khongsang B.O, Kambiron B.O",N/A,N/A,5.0,1.0,"PCWG+78H Forest Range Office, High way -37, Nungba, Manipur 795147",795147,24.7456949,93.4258615,ChIJQS_PHz3dTjcRongIFnQ_aTg,https://www.google.com/maps/place/?q=place_id:ChIJQS_PHz3dTjcRongIFnQ_aTg,part_371,2026-09-20 20:33:46,40113
Valley inn,Hotel,Hotel,Hotel,795147,North Eastern Circle,North Eastern Region,Manipur Division,"Nungba S.O, Khongsang B.O, Kambiron B.O",N/A,N/A,5.0,1.0,"MGJ9+Q79, Gaidimjang, Manipur 795126",795147,24.6814491,93.5189489,ChIJb1E8KaDbTjcREq2UKz--4gM,https://www.google.com/maps/place/?q=place_id:ChIJb1E8KaDbTjcREq2UKz--4gM,part_371,2026-09-20 20:33:46,40114
Star Hotel,Hotel,Hotel,Hotel,795147,North Eastern Circle,North Eastern Region,Manipur Division,"Nungba S.O, Khongsang B.O, Kambiron B.O",N/A,N/A,5.0,3.0,"R447+8H8, opp. Hr. Secondary School, Jiribam, Manipur 795116",795147,24.805777499999998,93.113967,ChIJ6UCG-XP_TjcREgNNkphYZRo,https://www.google.com/maps/place/?q=place_id:ChIJ6UCG-XP_TjcREgNNkphYZRo,part_371,2026-09-20 20:33:46,40115
MANI HOTEL,Hotel,Hotel,Hotel,795149,North Eastern Circle,North Eastern Region,Manipur Division,"Yairipok S.O, Lembakhul B.O, Andro B.O",N/A,N/A,4.3,,"Lamding, Wangjing, Manipur 795148",Lamding,24.598923,94.035411,ChIJXzxkXGQ9STcRc6E14ziAwew,https://www.google.com/maps/place/?q=place_id:ChIJXzxkXGQ9STcRc6E14ziAwew,part_371,2026-09-20 20:34:53,40945
hotel highway,Hotel,Hotel,Hotel,795150,North Eastern Circle,North Eastern Region,Manipur Division,"Mao S.O, Pfukhro B.O, Phunanamei B.O",N/A,N/A,3.4,,"G48M+2XQ, NH2, Mao, Manipur 795150",795150,25.515078799999998,94.1349798,ChIJ75QVF7SeSDcRGU1JtbOElFM,https://www.google.com/maps/place/?q=place_id:ChIJ75QVF7SeSDcRGU1JtbOElFM,part_371,2026-09-20 20:35:25,42217
Mao Hotel,Hotel,Hotel,Hotel,795150,North Eastern Circle,North Eastern Region,Manipur Division,"Mao S.O, Pfukhro B.O, Phunanamei B.O",N/A,N/A,4.2,,"G44M+R9W, Mao, Manipur 795150",795150,25.507102399999997,94.133465,ChIJAQAAAEuZSDcRGf5bbE_tEhk,https://www.google.com/maps/place/?q=place_id:ChIJAQAAAEuZSDcRGf5bbE_tEhk,part_371,2026-09-20 20:35:25,42218
Senapati,Hotel,Hotel,Hotel,795150,North Eastern Circle,North Eastern Region,Manipur Division,"Mao S.O, Pfukhro B.O, Phunanamei B.O",N/A,N/A,4.1,,"823V+8V7, Karong, Manipur 795007",795150,25.3032762,94.0446588,ChIJa1NxIAC_SDcRjDq7O5Jl9Gk,https://www.google.com/maps/place/?q=place_id:ChIJa1NxIAC_SDcRjDq7O5Jl9Gk,part_371,2026-09-20 20:35:25,42219
The Pyrus homestead 63 Ranthüza,Hotel,Home Stay,Home Stay,795150,North Eastern Circle,North Eastern Region,Manipur Division,"Mao S.O, Pfukhro B.O, Phunanamei B.O",+91 84139 65349,https://thepyrushomestead.com/,4.9,,"Jakha town 63, Ranthüza, near Jakha town hall, Zakhama, Kohima, Nagaland 797006",795150,25.5889287,94.12219209999999,ChIJMVcz3sqfSDcR9MeY_TvL4dI,https://www.google.com/maps/place/?q=place_id:ChIJMVcz3sqfSDcR9MeY_TvL4dI,part_371,2026-09-20 20:35:25,42220
Dzükou Lodge - Boutique Homestay in Viswema,Hotel,Lodge,"Lodge, Guest house, Hotel, Home Stay",795150,North Eastern Circle,North Eastern Region,Manipur Division,"Mao S.O, Pfukhro B.O, Phunanamei B.O",N/A,N/A,4.0,,"Tepul Colony, AH2, Viswema, Nagaland 797006",795150,25.551442299999998,94.1368859,ChIJVxNWjmCfSDcRyHW11hQISrQ,https://www.google.com/maps/place/?q=place_id:ChIJVxNWjmCfSDcRyHW11hQISrQ,part_371,2026-09-20 20:35:26,42221
PuVi Homestay,Hotel,Bed & breakfast,Bed & breakfast,795150,North Eastern Circle,North Eastern Region,Manipur Division,"Mao S.O, Pfukhro B.O, Phunanamei B.O",+91 93667 00731,N/A,4.9,,"H46X+28M, Viswema, Nagaland 797006",795150,25.560098999999997,94.1483035,ChIJvZMXagCfSDcRObAHNKGrk7k,https://www.google.com/maps/place/?q=place_id:ChIJvZMXagCfSDcRObAHNKGrk7k,part_371,2026-09-20 20:35:26,42222
Kewhira Hill Residency,Hotel,Hotel,Hotel,795150,North Eastern Circle,North Eastern Region,Manipur Division,"Mao S.O, Pfukhro B.O, Phunanamei B.O",N/A,N/A,,,"Vûrie Bypass, Kohima, Nagaland 797001",795150,25.6691553,94.0866971,ChIJFbsqY2EhRjcRa9UOaiGBKns,https://www.google.com/maps/place/?q=place_id:ChIJFbsqY2EhRjcRa9UOaiGBKns,part_371,2026-09-20 20:35:26,42223
KOMBIREI INN,Hotel,Hotel,"Hotel, Inn",795159,North Eastern Circle,North Eastern Region,Manipur Division,"None S.O, Awangkhul B.O, Charoi Tupul B.O",N/A,N/A,3.8,132.0,"RIMS Rd, Uripok Sinam Leikai, Uripok, Imphal, Manipur 795001","Uripok Sinam Leikai, Uripok",24.810311499999997,93.9240044,ChIJP7J1zcsnSTcRG2OSbCAXoaU,https://www.google.com/maps/place/?q=place_id:ChIJP7J1zcsnSTcRG2OSbCAXoaU,part_371,2026-09-20 20:35:58,42899
Royale Lalawi Hotel,Hotel,Hotel,Hotel,796001,North Eastern Circle,North Eastern Region,Mizoram Division,"Aizawl H.O, Dawrpui S.O",+91 389 359 8514,N/A,4.3,,"House No: D, 7, Khatla, Aizawl, Mizoram 796001",Khatla,23.7220302,92.717512,ChIJH58ahNSVTTcRW6CZ-O87XqQ,https://www.google.com/maps/place/?q=place_id:ChIJH58ahNSVTTcRW6CZ-O87XqQ,part_371,2026-09-20 20:36:32,45038
Emerald Hotel,Hotel,Hotel,Hotel,796001,North Eastern Circle,North Eastern Region,Mizoram Division,"Aizawl H.O, Dawrpui S.O",+91 389 231 7477,http://www.emeraldhotel.in/,4.1,,"PPG9+C6G, Aizawl, Mizoram 796001",796001,23.726075899999998,92.7183032,ChIJ0QEdCZaVTTcR0VBJlQn4_6M,https://www.google.com/maps/place/?q=place_id:ChIJ0QEdCZaVTTcR0VBJlQn4_6M,part_371,2026-09-20 20:36:32,45039
The Grand Hotel,Hotel,Hotel,Hotel,796001,North Eastern Circle,North Eastern Region,Mizoram Division,"Aizawl H.O, Dawrpui S.O",+91 70056 53094,N/A,3.8,,"G-47, Chanmari, Opposite To KFC, Zarkawt, Aizawl, Mizoram 796007",Zarkawt,23.7388725,92.7165078,ChIJz5xpMLWUTTcRZ_8Ih9YgfFU,https://www.google.com/maps/place/?q=place_id:ChIJz5xpMLWUTTcRZ_8Ih9YgfFU,part_371,2026-09-20 20:36:32,45040
Hotel Dinthar Zara,Hotel,Hotel,Hotel,796001,North Eastern Circle,North Eastern Region,Mizoram Division,"Aizawl H.O, Dawrpui S.O",+91 87878 69371,http://hoteldintharzara.com/,4.4,,"DT-12, Zawlphei St, beside Taxi Stand, Dinthar Veng, Aizawl, Mizoram 796001",Dinthar Veng,23.732469899999998,92.7134071,ChIJx4uLeoaVTTcR4XWOulFwWcE,https://www.google.com/maps/place/?q=place_id:ChIJx4uLeoaVTTcR4XWOulFwWcE,part_371,2026-09-20 20:36:32,45041
Hotel Floria,Hotel,Hotel,Hotel,796001,North Eastern Circle,North Eastern Region,Mizoram Division,"Aizawl H.O, Dawrpui S.O",+91 69093 17146,https://www.hotelfloria.com/,4.1,,"Hotel Floria, Bara Bazar, Dawrpui, Aizawl, Mizoram 796001",Dawrpui,23.7336171,92.71767659999999,ChIJd4pbL_WVTTcRaBxRRGh7nYg,https://www.google.com/maps/place/?q=place_id:ChIJd4pbL_WVTTcRaBxRRGh7nYg,part_371,2026-09-20 20:36:32,45042
Aizawl View Hotel,Hotel,Hotel,Hotel,796001,North Eastern Circle,North Eastern Region,Mizoram Division,"Aizawl H.O, Dawrpui S.O",+91 70053 57988,N/A,4.6,,"Serchhip Sumo Stand, Chanmari - Ramhlun Rd, Chanmari, Aizawl, Mizoram 796001",Chanmari,23.7412422,92.71826399999999,ChIJj90hSTDrTTcReRlwgstZCCU,https://www.google.com/maps/place/?q=place_id:ChIJj90hSTDrTTcReRlwgstZCCU,part_371,2026-09-20 20:36:32,45043
Hotel Quality Inn,Hotel,Hotel,Hotel,796001,North Eastern Circle,North Eastern Region,Mizoram Division,"Aizawl H.O, Dawrpui S.O",+91 84148 81068,https://hotelqualityinn.co.in/,4.3,,"Mission Vengthlang, Aizawl, Mizoram 796005",Mission Vengthlang,23.7133322,92.70879389999999,ChIJG8IErQKVTTcRwefopFf6xtc,https://www.google.com/maps/place/?q=place_id:ChIJG8IErQKVTTcRwefopFf6xtc,part_371,2026-09-20 20:36:32,45044
Cornerstone Suites,Hotel,Home Stay,Home Stay,796001,North Eastern Circle,North Eastern Region,Mizoram Division,"Aizawl H.O, Dawrpui S.O",+91 73084 18095,https://www.instagram.com/cornerstone_suites_homestay,5.0,,"j40, Chawnpui Veng, Aizawl, Mizoram 796009",Chawnpui Veng,23.731953999999998,92.703473,ChIJ6U2dzK6UTTcR3HTNxDiBMGs,https://www.google.com/maps/place/?q=place_id:ChIJ6U2dzK6UTTcR3HTNxDiBMGs,part_371,2026-09-20 20:36:32,45045
W26,Hotel,Guest house,Guest house,796001,North Eastern Circle,North Eastern Region,Mizoram Division,"Aizawl H.O, Dawrpui S.O",+91 96745 94140,N/A,4.6,,"West, Dawrpui, Aizawl, Mizoram 796001","West, Dawrpui",23.7321909,92.71572839999999,ChIJmforWBuVTTcRa_hF-01gSnU,https://www.google.com/maps/place/?q=place_id:ChIJmforWBuVTTcRa_hF-01gSnU,part_371,2026-09-20 20:36:32,45046
"The View Hotel, Falkland",Hotel,Hotel,Hotel,796001,North Eastern Circle,North Eastern Region,Mizoram Division,"Aizawl H.O, Dawrpui S.O",+91 96129 36924,N/A,4.9,,"Godown Road, G-2/1, Falkland Rd, near LaRuby, Aizawl, Mizoram 796017",796001,23.7306977,92.7403645,ChIJtRb6iuqVTTcRVcorL2arVd8,https://www.google.com/maps/place/?q=place_id:ChIJtRb6iuqVTTcRVcorL2arVd8,part_371,2026-09-20 20:36:32,45047
Grand Hotel Annex,Hotel,Hotel,Hotel,796001,North Eastern Circle,North Eastern Region,Mizoram Division,"Aizawl H.O, Dawrpui S.O",+91 89740 39508,N/A,4.6,,"D-36, Chanmari - Ramhlun Rd, near Accounts & Treasury Office, Chanmari, Aizawl, Mizoram 796007",Chanmari,23.7412143,92.71913169999999,ChIJy_rUYO3rTTcRo0RFf70K8rY,https://www.google.com/maps/place/?q=place_id:ChIJy_rUYO3rTTcRo0RFf70K8rY,part_371,2026-09-20 20:36:32,45048
Fanai Inn,Hotel,Hotel,Hotel,796001,North Eastern Circle,North Eastern Region,Mizoram Division,"Aizawl H.O, Dawrpui S.O",N/A,http://booking.com/,4.9,,"Ramhlun S Rd, Chanmari, Aizawl, Mizoram 796007",Chanmari,23.741456,92.7174098,ChIJUZtpeADrTTcRlHSnpxOrSgA,https://www.google.com/maps/place/?q=place_id:ChIJUZtpeADrTTcRlHSnpxOrSgA,part_371,2026-09-20 20:36:32,45049
Mizotel,Hotel,Hotel,Hotel,796001,North Eastern Circle,North Eastern Region,Mizoram Division,"Aizawl H.O, Dawrpui S.O",+91 89744 33640,https://mizotel.com/,4.8,,"Honda Showroom Building, Chandmari - Laipuitlang Rd, Chanmari, Aizawl, Mizoram 796007",Chanmari,23.742960699999998,92.71870179999999,ChIJh3xhgOPrTTcRk4Q8xJFKOCQ,https://www.google.com/maps/place/?q=place_id:ChIJh3xhgOPrTTcRk4Q8xJFKOCQ,part_371,2026-09-20 20:36:32,45050
J.I.T Hotel,Hotel,Hotel,Hotel,796001,North Eastern Circle,North Eastern Region,Mizoram Division,"Aizawl H.O, Dawrpui S.O",+91 98623 42903,N/A,3.7,,"PPVC+XV6, PWD Tlang, Ramhlun Venglai, Chaltlang, Aizawl, Mizoram 796012","Ramhlun Venglai, Chaltlang",23.744919799999998,92.72214699999999,ChIJ7zPeGDTrTTcRB0XbXonQr6c,https://www.google.com/maps/place/?q=place_id:ChIJ7zPeGDTrTTcRB0XbXonQr6c,part_371,2026-09-20 20:36:32,45051
Hotel Woodland,Hotel,Hotel,Hotel,796001,North Eastern Circle,North Eastern Region,Mizoram Division,"Aizawl H.O, Dawrpui S.O",N/A,https://woodlandaizawl.in/,4.4,,"Zonuam, Aizawl, Mizoram 796007",Zonuam,23.7357968,92.69554819999999,ChIJEb-rbwCTTTcR_Q31pv9teuA,https://www.google.com/maps/place/?q=place_id:ChIJEb-rbwCTTTcR_Q31pv9teuA,part_371,2026-09-20 20:36:32,45052
One Stop Hotel,Hotel,Hotel,"Hotel, Restaurant",796001,North Eastern Circle,North Eastern Region,Mizoram Division,"Aizawl H.O, Dawrpui S.O",N/A,N/A,4.8,34.0,"Bazar Bungkawn, near Aizawl Mosque, Dawrpui, Aizawl, Mizoram 796001",Dawrpui,23.7314944,92.7173151,ChIJIb5rGMqVTTcRehUGoveJLhw,https://www.google.com/maps/place/?q=place_id:ChIJIb5rGMqVTTcRehUGoveJLhw,part_371,2026-09-20 20:36:32,45053
Jojos Nascere,Hotel,Hotel,Hotel,796001,North Eastern Circle,North Eastern Region,Mizoram Division,"Aizawl H.O, Dawrpui S.O",+91 389 234 3135,N/A,4.5,211.0,"Zarkawt Main Rd, Zarkawt, Aizawl, Mizoram 796007",Zarkawt,23.738466,92.7165368,ChIJP9I68wyVTTcRdvplJydX6Z8,https://www.google.com/maps/place/?q=place_id:ChIJP9I68wyVTTcRdvplJydX6Z8,part_371,2026-09-20 20:36:32,45054
Kevin Homestay cum Hotel,Hotel,Hotel,Hotel,796001,North Eastern Circle,North Eastern Region,Mizoram Division,"Aizawl H.O, Dawrpui S.O",+91 60093 30229,N/A,4.7,23.0,"Lunglei Rd, near Vishal Mega Mart, opposite IndusInd Bank, Bawngkawn, Aizawl, Mizoram 796014",Bawngkawn,23.753743399999998,92.7321669,ChIJW71c687rTTcRGJBtdTS9HXs,https://www.google.com/maps/place/?q=place_id:ChIJW71c687rTTcRGJBtdTS9HXs,part_371,2026-09-20 20:36:32,45055
The Esquire,Hotel,Hotel,Hotel,796001,North Eastern Circle,North Eastern Region,Mizoram Division,"Aizawl H.O, Dawrpui S.O",+91 89745 98098,N/A,4.1,767.0,"Upper Republic, D-51, Sikulpuikawn, Road, near MD Enterprise, Mission Veng, Aizawl, Mizoram 796005",Mission Veng,23.717077399999997,92.71889259999999,ChIJ70ORvOqUTTcR02RU1zp0iGo,https://www.google.com/maps/place/?q=place_id:ChIJ70ORvOqUTTcR02RU1zp0iGo,part_371,2026-09-20 20:36:32,45056
HOTEL JAY JAY,Hotel,Hotel,"Hotel, Restaurant",796001,North Eastern Circle,North Eastern Region,Mizoram Division,"Aizawl H.O, Dawrpui S.O",+91 89747 65550,https://hoteljayjay.in/,4.7,111.0,"YRC Road, C1-8/1, Falkland - Chite Rd, Veng, Aizawl, Mizoram 796017",Veng,23.7372729,92.74063079999999,ChIJmYJ_qYyVTTcRXJO-fbrixUM,https://www.google.com/maps/place/?q=place_id:ChIJmYJ_qYyVTTcRXJO-fbrixUM,part_371,2026-09-20 20:36:32,45057
Hotel elite lodging and fooding,Hotel,Hotel,Hotel,796001,North Eastern Circle,North Eastern Region,Mizoram Division,"Aizawl H.O, Dawrpui S.O",+91 76300 88177,N/A,4.2,13.0,"Upper Bazar, Dawrpui, Aizawl, Mizoram 796001",Dawrpui,23.7333133,92.7172918,ChIJ63cMpaWVTTcRiFsMxkUW-qM,https://www.google.com/maps/place/?q=place_id:ChIJ63cMpaWVTTcRiFsMxkUW-qM,part_371,2026-09-20 20:36:32,45058
Chawlhna Hotel,Hotel,Hotel,Hotel,796001,North Eastern Circle,North Eastern Region,Mizoram Division,"Aizawl H.O, Dawrpui S.O",+91 389 234 2292,N/A,3.7,,"Chawhna Hotel, A/43, Main Street, near ICICI Bank, opp. SBI ATM, Zarkawt, Aizawl, Mizoram 796007",Zarkawt,23.7369599,92.7168683,ChIJYap-c7WUTTcRVYMQwzYtO3w,https://www.google.com/maps/place/?q=place_id:ChIJYap-c7WUTTcRVYMQwzYtO3w,part_371,2026-09-20 20:36:33,45059
Hotel Chief,Hotel,Hotel,Hotel,796001,North Eastern Circle,North Eastern Region,Mizoram Division,"Aizawl H.O, Dawrpui S.O",+91 389 234 1097,N/A,3.7,,"Zarkawt, Aizawl, Mizoram 796007",Zarkawt,23.736878299999997,92.71694199999999,ChIJAQAAsLWUTTcROpQZ-X8Q_eo,https://www.google.com/maps/place/?q=place_id:ChIJAQAAsLWUTTcROpQZ-X8Q_eo,part_371,2026-09-20 20:36:33,45060
Hotel Delano,Hotel,Hotel,"Hotel, Restaurant",796001,North Eastern Circle,North Eastern Region,Mizoram Division,"Aizawl H.O, Dawrpui S.O",+91 84148 56005,http://www.delano.in/,4.8,,"Bawngkawn, Aizawl, Mizoram 796014",Bawngkawn,23.7566499,92.7307008,ChIJu9naZ6frTTcRxxq6Gsi3edM,https://www.google.com/maps/place/?q=place_id:ChIJu9naZ6frTTcRxxq6Gsi3edM,part_371,2026-09-20 20:36:33,45061
David's Hotel Clover,Hotel,Hotel,"Hotel, Restaurant",796001,North Eastern Circle,North Eastern Region,Mizoram Division,"Aizawl H.O, Dawrpui S.O",+91 389 230 5736,N/A,3.9,,"G16, Chanmari, Aizawl, Mizoram 796007",Chanmari,23.739964699999998,92.71658029999999,ChIJzwjDzUrrTTcRFmPlScrjQsM,https://www.google.com/maps/place/?q=place_id:ChIJzwjDzUrrTTcRFmPlScrjQsM,part_371,2026-09-20 20:36:33,45062
Hotel Mayur,Hotel,Hotel,Hotel,796001,North Eastern Circle,North Eastern Region,Mizoram Division,"Aizawl H.O, Dawrpui S.O",+91 98640 43460,N/A,3.8,,"PPM8+9WF, Dawrpui, Aizawl, Mizoram 796001",Dawrpui,23.7334493,92.717303,ChIJ3ZI-CraUTTcRWLu1VfqgKcs,https://www.google.com/maps/place/?q=place_id:ChIJ3ZI-CraUTTcRWLu1VfqgKcs,part_371,2026-09-20 20:36:33,45063
Riak Maw Inn,Hotel,Hotel,Hotel,796001,North Eastern Circle,North Eastern Region,Mizoram Division,"Aizawl H.O, Dawrpui S.O",+91 389 230 6976,N/A,3.8,,"A-25, MG Rd, Zarkawt, Aizawl, Mizoram 796007",Zarkawt,23.7373929,92.7166979,ChIJpxCjDbWUTTcRaYyfpNbo7F4,https://www.google.com/maps/place/?q=place_id:ChIJpxCjDbWUTTcRaYyfpNbo7F4,part_371,2026-09-20 20:36:33,45064
Noah's Homestay,Hotel,Home Stay,Home Stay,796004,North Eastern Circle,North Eastern Region,Mizoram Division,Mizoram University S.O,+91 97743 70025,N/A,4.8,,"3rd Floor, Y-137/B, Luangmual Rd, near Baptist Church, Vengthlang, Aizawl, Mizoram 796001",Vengthlang,23.7410291,92.70071449999999,ChIJsUNeNveVTTcRlp5iO1YLsQk,https://www.google.com/maps/place/?q=place_id:ChIJsUNeNveVTTcRlp5iO1YLsQk,part_371,2026-09-20 20:37:04,47415
Seven Miles Hotel,Hotel,Hotel,Hotel,796004,North Eastern Circle,North Eastern Region,Mizoram Division,Mizoram University S.O,+91 98635 31203,N/A,4.5,,"Durtlang North, Aizawl, Mizoram 796015",Durtlang North,23.796062499999998,92.7315625,ChIJwSgtGwDrTTcR5aJ9QBFSLng,https://www.google.com/maps/place/?q=place_id:ChIJwSgtGwDrTTcR5aJ9QBFSLng,part_371,2026-09-20 20:37:04,47416
LHT Crestwood Guest House,Hotel,Home Stay,Home Stay,796005,North Eastern Circle,North Eastern Region,Mizoram Division,"Kulikawn S.O, Hualngohmun B.O, Kelsih B.O",N/A,N/A,5.0,,"MT-282, Silaimual, Melthum, Aizawl, Mizoram 796005",796005,23.6796831,92.7230879,ChIJA-TFHwCVTTcRUkwHbip4dPk,https://www.google.com/maps/place/?q=place_id:ChIJA-TFHwCVTTcRUkwHbip4dPk,part_371,2026-09-20 20:37:37,48569
Aizawl View Hotel and Homestay,Hotel,Hotel,Hotel,796005,North Eastern Circle,North Eastern Region,Mizoram Division,"Kulikawn S.O, Hualngohmun B.O, Kelsih B.O",N/A,N/A,,,"Falkland Rd, near La Ruby Restaurant, Aizawl, Mizoram 796017",796005,23.7307308,92.7403549,ChIJba7lT6OVTTcRHY7O0Bg7VpU,https://www.google.com/maps/place/?q=place_id:ChIJba7lT6OVTTcRHY7O0Bg7VpU,part_371,2026-09-20 20:37:37,48570
Hotel Hill Orchid,Hotel,Hotel,Hotel,796005,North Eastern Circle,North Eastern Region,Mizoram Division,"Kulikawn S.O, Hualngohmun B.O, Kelsih B.O",+91 81328 20860,N/A,4.7,3.0,"Israil point, near main bazar, Dawrpui, Aizawl, Mizoram 796001",Dawrpui,23.7332072,92.7177461,ChIJrXhYneiVTTcR7XkiVuNbit0,https://www.google.com/maps/place/?q=place_id:ChIJrXhYneiVTTcR7XkiVuNbit0,part_371,2026-09-20 20:37:37,48571
Hotel Serow,Hotel,Hotel,Hotel,796005,North Eastern Circle,North Eastern Region,Mizoram Division,"Kulikawn S.O, Hualngohmun B.O, Kelsih B.O",N/A,N/A,3.7,,"QP2G+MV2, Chaltlang Main Road, Chaltlang Lily Veng Internal Rd, Aizawl, Mizoram 796014",Chaltlang,23.751627,92.72714979999999,ChIJ5borESzrTTcR9OGEUxZyHUY,https://www.google.com/maps/place/?q=place_id:ChIJ5borESzrTTcR9OGEUxZyHUY,part_371,2026-09-20 20:37:39,48572
The Mystic Hill Hotel-Aizawl Mizoram,Hotel,Hotel,Hotel,796007,North Eastern Circle,North Eastern Region,Mizoram Division,"Edenthar B.O, Chandmary S.O, Armed Veng B.O",+91 98628 98420,N/A,5.0,1.0,"QP3F+7FW, Tourist Lodge Rd., Chaltlang, Aizawl, Mizoram 796012",Chaltlang,23.7532435,92.7237071,ChIJX-9DJDrrTTcRbGKvxzeuToI,https://www.google.com/maps/place/?q=place_id:ChIJX-9DJDrrTTcRbGKvxzeuToI,part_371,2026-09-20 20:38:11,49079
The Local Homestay,Hotel,Hotel,Hotel,796008,North Eastern Circle,North Eastern Region,Mizoram Division,Armed Veng S.O,+91 96122 21121,https://www.instagram.com/thelocalhomestay/,4.0,14.0,"YII A7, Chaltlang Dingdi Veng, Chaltlang, Aizawl, Mizoram 796012","Chaltlang Dingdi Veng, Chaltlang",23.7496933,92.7207078,ChIJ89klbirrTTcRcD5ZV4eGkwE,https://www.google.com/maps/place/?q=place_id:ChIJ89klbirrTTcRcD5ZV4eGkwE,part_371,2026-09-20 20:38:43,49628
