business_name,search_category,primary_category,all_categories,pincode,circle,region,division,major_offices,phone_number,website,rating,reviews_count,address,area,latitude,longitude,place_id,place_url,part_id,crawled_at,s_no
Nagaland Disposal House,Scrap Dealer and Raddi Wholesaler,Disposable Items shop,Disposable Items shop,797115,North Eastern Circle,North Eastern Region,Nagaland Division,"Artc S.O, Aoyimti B.O, Daroga Pathar B.O",+91 83840 12141,https://www.instagram.com/nagaland_disposal_house/?utm_source=ig_web_button_share_sheet,5.0,,"New Market, N.S.T. Colony, Dimapur, Nagaland 797117",N.S.T. Colony,25.9072101,93.7230486,ChIJoUFOHgDhRTcRTgZ5vQpjuvw,https://www.google.com/maps/place/?q=place_id:ChIJoUFOHgDhRTcRTgZ5vQpjuvw,part_373,2026-09-20 20:19:39,3111
Sai scrap dealer and Garbage services,Scrap Dealer and Raddi Wholesaler,Scrap metal dealer,Scrap metal dealer,797115,North Eastern Circle,North Eastern Region,Nagaland Division,"Artc S.O, Aoyimti B.O, Daroga Pathar B.O",+91 90002 91390,N/A,5.0,,"H4M4+8W2, Kandi, Telangana 502285",797115,17.5832561,78.10726679999999,ChIJPalVR1n7yzsRFLEzQwAkSLk,https://www.google.com/maps/place/?q=place_id:ChIJPalVR1n7yzsRFLEzQwAkSLk,part_373,2026-09-20 20:19:39,3112
K9 Traders Scrap Buyer In Hyderabad,Scrap Dealer and Raddi Wholesaler,Scrap metal dealer,"Scrap metal dealer, Recycling center, Kabadiwala & Scrap Merchant",797115,North Eastern Circle,North Eastern Region,Nagaland Division,"Artc S.O, Aoyimti B.O, Daroga Pathar B.O",+91 84990 12569,https://k9traders.carrd.co/,4.9,,"Musheerabad, Bholakpur, Bangladesh, Hyderabad, Telangana 500020","Musheerabad, Bholakpur, Bangladesh",17.417734,78.4971814,ChIJF_YLeliZyzsRZNgZjWGnjDQ,https://www.google.com/maps/place/?q=place_id:ChIJF_YLeliZyzsRZNgZjWGnjDQ,part_373,2026-09-20 20:19:39,3113
M K Scrap,Scrap Dealer and Raddi Wholesaler,Kabadiwala & Scrap Merchant,"Kabadiwala & Scrap Merchant, Waste management service",797115,North Eastern Circle,North Eastern Region,Nagaland Division,"Artc S.O, Aoyimti B.O, Daroga Pathar B.O",+91 98224 72667,N/A,4.8,,"Gandhi Gate, New Shukrawari Rd, near Bombay Bakery, Johripur, Nagpur, Maharashtra 440032",Johripur,21.1450896,79.10419759999999,ChIJzcANyqzB1DsRTpsQayQKPt0,https://www.google.com/maps/place/?q=place_id:ChIJzcANyqzB1DsRTpsQayQKPt0,part_373,2026-09-20 20:19:39,3114
Trade Bin Scrap,Scrap Dealer and Raddi Wholesaler,Scrap metal dealer,"Scrap metal dealer, Salvage yard, Kabadiwala & Scrap Merchant",797115,North Eastern Circle,North Eastern Region,Nagaland Division,"Artc S.O, Aoyimti B.O, Daroga Pathar B.O",+91 97015 63707,https://tradebinscrap.com/,5.0,,"1-98, 4/1, Hitech City Rd, Arunodaya Colony, Vittal Rao Nagar, Madhapur, Hyderabad, Telangana 500081","Arunodaya Colony, Vittal Rao Nagar, Madhapur",17.4444174,78.38604219999999,ChIJOV80zt6RyzsR_niFGNhzt18,https://www.google.com/maps/place/?q=place_id:ChIJOV80zt6RyzsR_niFGNhzt18,part_373,2026-09-20 20:19:39,3115
W S Scrap Buyers Hyderabad,Scrap Dealer and Raddi Wholesaler,Scrap metal dealer,"Scrap metal dealer, Junk dealer",797115,North Eastern Circle,North Eastern Region,Nagaland Division,"Artc S.O, Aoyimti B.O, Daroga Pathar B.O",+91 70135 38508,https://wsscrapbuyersinhyderabad.com/,5.0,168.0,"1-4-586, Bakaram, Kavadiguda, Hyderabad, Telangana 500020","Bakaram, Kavadiguda",17.4177855,78.4955061,ChIJoZha1WCZyzsRmD7VVF-TOzE,https://www.google.com/maps/place/?q=place_id:ChIJoZha1WCZyzsRmD7VVF-TOzE,part_373,2026-09-20 20:19:40,3116
Scrapwala hyderabad,Scrap Dealer and Raddi Wholesaler,Scrap metal dealer,Scrap metal dealer,797115,North Eastern Circle,North Eastern Region,Nagaland Division,"Artc S.O, Aoyimti B.O, Daroga Pathar B.O",+91 99493 50392,https://scrapwalahyderabad.com/,5.0,99.0,"Smart Backside, Plot 2, RBI Colony, Phase 2, Kavuri Hills, Madhapur, Hyderabad, Telangana 500081","RBI Colony, Phase 2, Kavuri Hills, Madhapur",17.4386038,78.3909201,ChIJm-MyV0GRyzsRhAT3H970yAI,https://www.google.com/maps/place/?q=place_id:ChIJm-MyV0GRyzsRhAT3H970yAI,part_373,2026-09-20 20:19:40,3117
Scrapwala scrap buyer hyderabad,Scrap Dealer and Raddi Wholesaler,Scrap metal dealer,"Scrap metal dealer, Kabadiwala & Scrap Merchant",797115,North Eastern Circle,North Eastern Region,Nagaland Division,"Artc S.O, Aoyimti B.O, Daroga Pathar B.O",+91 93929 01664,http://scrapbuyerhyderabad.com/,5.0,82.0,"1_4_27/71/2, Padmashali Colony, Indira Nagar, Kavadiguda, Hyderabad, Telangana 500080","Padmashali Colony, Indira Nagar, Kavadiguda",17.4187361,78.49276019999999,ChIJJ_aQbXyZyzsRUg2PIvA__3Y,https://www.google.com/maps/place/?q=place_id:ChIJJ_aQbXyZyzsRUg2PIvA__3Y,part_373,2026-09-20 20:19:40,3118
RS TRADERS,Scrap Dealer and Raddi Wholesaler,Scrap metal dealer,"Scrap metal dealer, Garbage dump, Kabadiwala & Scrap Merchant",797115,North Eastern Circle,North Eastern Region,Nagaland Division,"Artc S.O, Aoyimti B.O, Daroga Pathar B.O",+91 72072 10492,https://rsscrapbuyers.com/,5.0,128.0,"1-4-317, Musheerabad, Indira Nagar, Kavadiguda, Hyderabad, Telangana 500020","Musheerabad, Indira Nagar, Kavadiguda",17.418424299999998,78.4959805,ChIJp75f3QOZyzsRrcHKotSKQ_o,https://www.google.com/maps/place/?q=place_id:ChIJp75f3QOZyzsRrcHKotSKQ_o,part_373,2026-09-20 20:19:40,3119
Ali Raza,Scrap Dealer and Raddi Wholesaler,Scrap metal dealer,Scrap metal dealer,797115,North Eastern Circle,North Eastern Region,Nagaland Division,"Artc S.O, Aoyimti B.O, Daroga Pathar B.O",+91 91337 36977,N/A,5.0,5.0,"1-4-586/60, near martinet High school, Musheerabad, Indira Nagar, Kavadiguda, Hyderabad, Telangana 500020","Musheerabad, Indira Nagar, Kavadiguda",17.4172099,78.49638449999999,ChIJWQxrWWyZyzsRv6ZDuUS0FfE,https://www.google.com/maps/place/?q=place_id:ChIJWQxrWWyZyzsRv6ZDuUS0FfE,part_373,2026-09-20 20:19:40,3120
A S Traders scrap buyers in Hyderabad,Scrap Dealer and Raddi Wholesaler,Scrap metal dealer,"Scrap metal dealer, Junk dealer, Recycling center, Salvage dealer, Salvage yard, Kabadiwala & Scrap Merchant, Waste management service",797115,North Eastern Circle,North Eastern Region,Nagaland Division,"Artc S.O, Aoyimti B.O, Daroga Pathar B.O",+91 82978 65751,https://www.scrapbuyershyderabad.com/,4.8,535.0,"Ground Floor, Bangladesh Market, 1-4-548/10/5, Musheerabad, Bakaram, Kavadiguda, Hyderabad, Telangana 500080","Musheerabad, Bakaram, Kavadiguda",17.4183701,78.4961361,ChIJzzwuC6CZyzsRM5cqqNF1Hcw,https://www.google.com/maps/place/?q=place_id:ChIJzzwuC6CZyzsRM5cqqNF1Hcw,part_373,2026-09-20 20:19:40,3121
Old scrap traders,Scrap Dealer and Raddi Wholesaler,Scrap metal dealer,Scrap metal dealer,797115,North Eastern Circle,North Eastern Region,Nagaland Division,"Artc S.O, Aoyimti B.O, Daroga Pathar B.O",N/A,N/A,4.9,232.0,"Bdl x road, near mana restaurant, Shankarpalle, Telangana 501203",797115,17.453153699999998,78.1442278,ChIJ6WSrdafvyzsRGBpcWWTK23o,https://www.google.com/maps/place/?q=place_id:ChIJ6WSrdafvyzsRGBpcWWTK23o,part_373,2026-09-20 20:19:40,3122
P A Traders scrap buyers in Hyderabad,Scrap Dealer and Raddi Wholesaler,Scrap metal dealer,"Scrap metal dealer, Recycling center, Kabadiwala & Scrap Merchant",797115,North Eastern Circle,North Eastern Region,Nagaland Division,"Artc S.O, Aoyimti B.O, Daroga Pathar B.O",+91 91825 17751,https://p-a-traders-scrap-buyers.grexa.site/,4.9,116.0,"1-4-554/48, Musheerabad, Kavadiguda, Hyderabad, Telangana 500020","Musheerabad, Kavadiguda",17.418170099999998,78.4944529,ChIJ_6jZ492ZyzsR0IhGvoNYpEM,https://www.google.com/maps/place/?q=place_id:ChIJ_6jZ492ZyzsR0IhGvoNYpEM,part_373,2026-09-20 20:19:40,3123
SHAH TRADERS scrap buyer in hyderabad,Scrap Dealer and Raddi Wholesaler,Scrap metal dealer,"Scrap metal dealer, Salvage yard, Kabadiwala & Scrap Merchant",797115,North Eastern Circle,North Eastern Region,Nagaland Division,"Artc S.O, Aoyimti B.O, Daroga Pathar B.O",+91 91828 41668,N/A,4.8,50.0,"1-4-27/71/45/1 PADMASHALI COLONY, Musheerabad, Indira Nagar, Hyderabad, Telangana 500080","Musheerabad, Indira Nagar, Kavadiguda",17.4194995,78.4934092,ChIJZ3pc65GZyzsRSX2kvhjylCE,https://www.google.com/maps/place/?q=place_id:ChIJZ3pc65GZyzsRSX2kvhjylCE,part_373,2026-09-20 20:19:40,3124
AJ Enterprises Scrap Buyers,Scrap Dealer and Raddi Wholesaler,Scrap metal dealer,"Scrap metal dealer, Debris removal service, Demolition contractor, Garbage collection service, Metal supplier, Recycling center, Salvage yard, Kabadiwala & Scrap Merchant, Waste management service",797115,North Eastern Circle,North Eastern Region,Nagaland Division,"Artc S.O, Aoyimti B.O, Daroga Pathar B.O",+91 77023 61161,https://scrapsbuyer.com/ajenterprises,5.0,48.0,"1-4-596, Musheerabad, Bakaram, Kavadiguda, Hyderabad, Telangana 500020","Musheerabad, Bakaram, Kavadiguda",17.418831,78.4981043,ChIJoy3zeJiZyzsRehabtpp0T-M,https://www.google.com/maps/place/?q=place_id:ChIJoy3zeJiZyzsRehabtpp0T-M,part_373,2026-09-20 20:19:40,3125
S K SCRAP TRADERS,Scrap Dealer and Raddi Wholesaler,Scrap metal dealer,Scrap metal dealer,797115,North Eastern Circle,North Eastern Region,Nagaland Division,"Artc S.O, Aoyimti B.O, Daroga Pathar B.O",+91 98234 82035,N/A,4.7,3.0,"Prateek naidu industrial park, mohite, Hingna Rd, Nildoh ct, Maharashtra 441110",Nildoh,21.103822299999997,78.9788763,ChIJGz5EVP-V1DsRbFzpb0V6LLo,https://www.google.com/maps/place/?q=place_id:ChIJGz5EVP-V1DsRbFzpb0V6LLo,part_373,2026-09-20 20:19:40,3126
S.R Enterprises - Scrap buyers,Scrap Dealer and Raddi Wholesaler,Kabadiwala & Scrap Merchant,Kabadiwala & Scrap Merchant,797115,North Eastern Circle,North Eastern Region,Nagaland Division,"Artc S.O, Aoyimti B.O, Daroga Pathar B.O",+91 96421 81217,http://scrapbuyerss.com/,4.9,42.0,"1-4-881/1/1/2A, Musheerabad, Bakaram, Kavadiguda, Hyderabad, Telangana 500020","Musheerabad, Bakaram, Kavadiguda",17.417592,78.49721459999999,ChIJKatFrPKZyzsRt0y2yimnnQc,https://www.google.com/maps/place/?q=place_id:ChIJKatFrPKZyzsRt0y2yimnnQc,part_373,2026-09-20 20:19:40,3127
Scrap buyers N.I traders,Scrap Dealer and Raddi Wholesaler,Kabadiwala & Scrap Merchant,"Kabadiwala & Scrap Merchant, Salvage yard",797115,North Eastern Circle,North Eastern Region,Nagaland Division,"Artc S.O, Aoyimti B.O, Daroga Pathar B.O",+91 76708 85806,http://scrapbuyersnitraders.in/,5.0,42.0,"Pno 65/A, Nagole Rd, saroornagar, Hyderabad, Telangana 500068",saroornagar,17.3830512,78.5583474,ChIJh2QeWtaYyzsRJM638j9gkGI,https://www.google.com/maps/place/?q=place_id:ChIJh2QeWtaYyzsRJM638j9gkGI,part_373,2026-09-20 20:19:40,3128
Deluxe scrap Buyers in Hyderabad,Scrap Dealer and Raddi Wholesaler,Scrap metal dealer,Scrap metal dealer,797115,North Eastern Circle,North Eastern Region,Nagaland Division,"Artc S.O, Aoyimti B.O, Daroga Pathar B.O",+91 70933 97598,https://scrapdealerinhyderabad.com/,4.9,136.0,"Mohd nagar 1-4-735/12, beside Ms Creative School, Musheerabad, Bholakpur, Hyderabad, Telangana 500020","Musheerabad, Bholakpur, Kavadiguda",17.417246199999997,78.49848109999999,ChIJ1V_96oaZyzsRM6wmSBf5WzU,https://www.google.com/maps/place/?q=place_id:ChIJ1V_96oaZyzsRM6wmSBf5WzU,part_373,2026-09-20 20:19:40,3129
MR SCRAP BUYER IN HYDERABAD,Scrap Dealer and Raddi Wholesaler,Scrap metal dealer,Scrap metal dealer,797115,North Eastern Circle,North Eastern Region,Nagaland Division,"Artc S.O, Aoyimti B.O, Daroga Pathar B.O",+91 91604 88320,https://bestscrapbuyers.com/,4.9,73.0,"1_4_735/39, 1-7-18/4, opposite musheerabad bholakpur decent High school, Musheerabad, Zamistanpur, Hyderabad, Telangana 500020","Musheerabad, Zamistanpur, Kavadiguda",17.417258999999998,78.4985967,ChIJsdHnk1uZyzsRsQJXvncxk54,https://www.google.com/maps/place/?q=place_id:ChIJsdHnk1uZyzsRsQJXvncxk54,part_373,2026-09-20 20:19:40,3130
A K S Traders Scrap buyers,Scrap Dealer and Raddi Wholesaler,Scrap metal dealer,"Scrap metal dealer, Garbage collection service, Junkyard, Salvage yard, Kabadiwala & Scrap Merchant",797115,North Eastern Circle,North Eastern Region,Nagaland Division,"Artc S.O, Aoyimti B.O, Daroga Pathar B.O",+91 73961 60440,http://wahab76.github.io/aks/,4.9,181.0,"1-4-554/44, Vivek nagar, Chikkadpally, Himayatnagar, Hyderabad, Telangana 500020","Vivek nagar, Chikkadpally, Himayatnagar",17.4039514,78.4939339,ChIJm1ZxceuZyzsR1gzXeyMrGXg,https://www.google.com/maps/place/?q=place_id:ChIJm1ZxceuZyzsR1gzXeyMrGXg,part_373,2026-09-20 20:19:40,3131
HYD Scrap Buyer,Scrap Dealer and Raddi Wholesaler,Scrap metal dealer,Scrap metal dealer,797115,North Eastern Circle,North Eastern Region,Nagaland Division,"Artc S.O, Aoyimti B.O, Daroga Pathar B.O",+91 96401 56445,https://www.hydscrapbuyer.in/,5.0,10.0,"PLOT NO 80 & 103, IDA Jeedimetla, SVCIE, Jeedimetla, Hyderabad, Telangana 500055","IDA Jeedimetla, SVCIE, Jeedimetla",17.5212383,78.4607339,ChIJVTb1wO2ZyzsRW787HNGnQ90,https://www.google.com/maps/place/?q=place_id:ChIJVTb1wO2ZyzsRW787HNGnQ90,part_373,2026-09-20 20:19:40,3132
Iron scrap,Scrap Dealer and Raddi Wholesaler,Disposable Items shop,Disposable Items shop,797116,North Eastern Circle,North Eastern Region,Nagaland Division,"Dimapur Bazar S.O, Khehekhu B.O, Kuhuboto B.O",N/A,N/A,3.0,,"Chungaizaeng Colony, Burma Camp, Dimapur, Nagaland 797112","Chungaizaeng Colony, Burma Camp",25.913460699999998,93.7357474,ChIJAQVExy7hRTcRpADbrsadWbs,https://www.google.com/maps/place/?q=place_id:ChIJAQVExy7hRTcRpADbrsadWbs,part_373,2026-09-20 20:20:17,5272
Sonu Scrap & Disposal,Scrap Dealer and Raddi Wholesaler,Scrap metal dealer,"Scrap metal dealer, Auto machine shop, Used auto parts store",797116,North Eastern Circle,North Eastern Region,Nagaland Division,"Dimapur Bazar S.O, Khehekhu B.O, Kuhuboto B.O",N/A,N/A,3.6,,"Golaghat Rd, Lahorijan, Dimapur, Assam 782490",Lahorijan,25.9353008,93.7310593,ChIJp17LycPhRTcRYnRNEt58CH8,https://www.google.com/maps/place/?q=place_id:ChIJp17LycPhRTcRYnRNEt58CH8,part_373,2026-09-20 20:20:17,5273
Akbar LLB,Scrap Dealer and Raddi Wholesaler,Scrap metal dealer,Scrap metal dealer,797116,North Eastern Circle,North Eastern Region,Nagaland Division,"Dimapur Bazar S.O, Khehekhu B.O, Kuhuboto B.O",N/A,http://www.google.co.in/search?q=AKBAR+LLB,5.0,,"JNIMS Rd, Telipati Baste, Soibam Leikai, Imphal, Kairang Meitei, Manipur 795001","Telipati Baste, Soibam Leikai",24.813545599999998,93.9526784,ChIJgcP7qX8nSTcRdwzZdaU2354,https://www.google.com/maps/place/?q=place_id:ChIJgcP7qX8nSTcRdwzZdaU2354,part_373,2026-09-20 20:20:17,5274
Jai Prakash Scrap dealer,Scrap Dealer and Raddi Wholesaler,Scrap metal dealer,Scrap metal dealer,797116,North Eastern Circle,North Eastern Region,Nagaland Division,"Dimapur Bazar S.O, Khehekhu B.O, Kuhuboto B.O",N/A,N/A,5.0,,"V7G7+J9R, Sarpang, Bhutan",797116,26.876612599999998,90.2633879,ChIJtXqcWNm_WDcRfpboE4g7q1I,https://www.google.com/maps/place/?q=place_id:ChIJtXqcWNm_WDcRfpboE4g7q1I,part_373,2026-09-20 20:20:17,5275
MM Iron Scrap Shop,Scrap Dealer and Raddi Wholesaler,Auto repair shop,Auto repair shop,797116,North Eastern Circle,North Eastern Region,Nagaland Division,"Dimapur Bazar S.O, Khehekhu B.O, Kuhuboto B.O",N/A,N/A,5.0,,"P.O, Purana Bazar, Darogajan, Dimapur, Nagaland 797112",Purana Bazar,25.9228575,93.7515078,ChIJ5VA9DHILRjcRh_flcgNpQPg,https://www.google.com/maps/place/?q=place_id:ChIJ5VA9DHILRjcRh_flcgNpQPg,part_373,2026-09-20 20:20:17,5276
Smart Kabadi,Scrap Dealer and Raddi Wholesaler,Scrap metal dealer,"Scrap metal dealer, Auto wrecker, Debris removal service, Junk dealer, Recycling center, Recycling drop-off location, Salvage yard, Kabadiwala & Scrap Merchant, Used car dealer",797116,North Eastern Circle,North Eastern Region,Nagaland Division,"Dimapur Bazar S.O, Khehekhu B.O, Kuhuboto B.O",+91 98117 60189,https://smart-kabadi.grexa.site/,4.8,326.0,"630, Kothari Cross Rd, Santej, Gujarat 382722",797116,23.1033755,72.47590199999999,ChIJJY56FkidXjkR6R6d1-XLx6I,https://www.google.com/maps/place/?q=place_id:ChIJJY56FkidXjkR6R6d1-XLx6I,part_373,2026-09-20 20:20:18,5277
Swastika Scrap,Scrap Dealer and Raddi Wholesaler,Scrap metal dealer,Scrap metal dealer,797116,North Eastern Circle,North Eastern Region,Nagaland Division,"Dimapur Bazar S.O, Khehekhu B.O, Kuhuboto B.O",+91 87249 80000,N/A,4.0,5.0,"NH415,Bage tiniali, beside Indian oil petrol pump, Nirjuli, Arunachal Pradesh 791112",797116,27.1318842,93.7326925,ChIJxxESoE4BRDcRDzgtYJXaYjI,https://www.google.com/maps/place/?q=place_id:ChIJxxESoE4BRDcRDzgtYJXaYjI,part_373,2026-09-20 20:20:18,5278
CarBasket Vehicle Scraping Platform,Scrap Dealer and Raddi Wholesaler,Junk dealer,"Junk dealer, Auto parts store, Car dealer, Recycling center, Kabadiwala & Scrap Merchant",797116,North Eastern Circle,North Eastern Region,Nagaland Division,"Dimapur Bazar S.O, Khehekhu B.O, Kuhuboto B.O",+91 89033 31448,https://www.carbasket.in/,4.9,90.0,"97/2A, Bannerghatta Rd, opp. to D-Mart, Bohra Layout, Gottigere, Bengaluru, Karnataka 560083","Bohra Layout, Gottigere",12.8538128,77.58873109999999,ChIJkdK6_K_D-6IR0WmrIaWDwLQ,https://www.google.com/maps/place/?q=place_id:ChIJkdK6_K_D-6IR0WmrIaWDwLQ,part_373,2026-09-20 20:20:18,5279
South Indian Scrap Traders,Scrap Dealer and Raddi Wholesaler,Waste management service,Waste management service,797116,North Eastern Circle,North Eastern Region,Nagaland Division,"Dimapur Bazar S.O, Khehekhu B.O, Kuhuboto B.O",+91 98950 17786,N/A,4.5,17.0,"X8R5+MQ5, Mahakavi Vailoppilli Rd, Puthiya Road, Opposite Juma Masjid, Pallinada, Chakkalakkal, Palarivattom, Kochi, Ernakulam, Keralam 682025","Pallinada, Chakkalakkal, Palarivattom",9.9916357,76.3094825,ChIJp6gZkCMNCDsR6oaYVC6QLpU,https://www.google.com/maps/place/?q=place_id:ChIJp6gZkCMNCDsR6oaYVC6QLpU,part_373,2026-09-20 20:20:18,5280
Dimapur Disposables,Scrap Dealer and Raddi Wholesaler,Manufacturer,Manufacturer,797116,North Eastern Circle,North Eastern Region,Nagaland Division,"Dimapur Bazar S.O, Khehekhu B.O, Kuhuboto B.O",+91 70854 73756,N/A,,,"Kuda Village, Full Nagarjan, Nagarjan, Dimapur, Nagaland 797112","Kuda Village, Full Nagarjan",25.8907191,93.7353656,ChIJNQonr8wJRjcRkaYkQtahCQo,https://www.google.com/maps/place/?q=place_id:ChIJNQonr8wJRjcRkaYkQtahCQo,part_373,2026-09-20 20:20:18,5281
Shakti Sales Corporation,Scrap Dealer and Raddi Wholesaler,Scrap metal dealer,"Scrap metal dealer, Waste management service",797116,North Eastern Circle,North Eastern Region,Nagaland Division,"Dimapur Bazar S.O, Khehekhu B.O, Kuhuboto B.O",+91 99234 01540,http://shaktisalescorporations.com/,3.0,3.0,"H Number 87, Bypass Road, near Haryana Rajasthan Roadways, Bondbag, Betora, Ponda, Goa 403409",Bondbag,15.3845175,74.014155,ChIJC97H_qy6vzsRliIbUbTqm1c,https://www.google.com/maps/place/?q=place_id:ChIJC97H_qy6vzsRliIbUbTqm1c,part_373,2026-09-20 20:20:18,5282
Nature Saver Recycling,Scrap Dealer and Raddi Wholesaler,Kabadiwala & Scrap Merchant,Kabadiwala & Scrap Merchant,797116,North Eastern Circle,North Eastern Region,Nagaland Division,"Dimapur Bazar S.O, Khehekhu B.O, Kuhuboto B.O",+91 98117 60189,http://smartkabadi.com/,5.0,3.0,"204/219, Simandhar Avenue, Opp IOC Petrol Pump, Char Rasta, Science City Santej Road, Rakanpur Science City Santej, Road, Rakanpur, Ahmedabad, Gujarat 382722",797116,23.0998774,72.4823572,ChIJnyCAxridXjkRw99dNUZTIAg,https://www.google.com/maps/place/?q=place_id:ChIJnyCAxridXjkRw99dNUZTIAg,part_373,2026-09-20 20:20:18,5283
Scrapzon,Scrap Dealer and Raddi Wholesaler,Scrap metal dealer,Scrap metal dealer,797116,North Eastern Circle,North Eastern Region,Nagaland Division,"Dimapur Bazar S.O, Khehekhu B.O, Kuhuboto B.O",N/A,N/A,5.0,2.0,"J43X+7P8, Scrapzon, Near Choudhury Petrol Pump, Kankarbagh Main Road, Chiraiyatand Rd, near Choudhury Petrol Pump, Kankarbagh, Bihar 800020","PCI Colony, RBI Flats Colony, Kankarbagh",25.6031726,85.1493423,ChIJh3WXX4pY7TkRNQwVNF439yQ,https://www.google.com/maps/place/?q=place_id:ChIJh3WXX4pY7TkRNQwVNF439yQ,part_373,2026-09-20 20:20:18,5284
VB Scrap,Scrap Dealer and Raddi Wholesaler,Junkyard,Junkyard,797116,North Eastern Circle,North Eastern Region,Nagaland Division,"Dimapur Bazar S.O, Khehekhu B.O, Kuhuboto B.O",N/A,N/A,,,"Veterinary colony, near Veterinary Hospital, Burma Camp, Dimapur, Nagaland 797112",Burma Camp,25.917963,93.7334443,ChIJBVpxksLhRTcRPV8Oy3xn9Vg,https://www.google.com/maps/place/?q=place_id:ChIJBVpxksLhRTcRPV8Oy3xn9Vg,part_373,2026-09-20 20:20:18,5285
Jai maa Durga iron scrape,Scrap Dealer and Raddi Wholesaler,Scrap metal dealer,Scrap metal dealer,797116,North Eastern Circle,North Eastern Region,Nagaland Division,"Dimapur Bazar S.O, Khehekhu B.O, Kuhuboto B.O",+91 87877 58312,N/A,,,"Golaghat Road, junction, tinali, Dimapur, Nagaland 797112","tinali, Police Colony",25.910345799999998,93.728622,ChIJtzLFCPzhRTcRDMogh0N3lLQ,https://www.google.com/maps/place/?q=place_id:ChIJtzLFCPzhRTcRDMogh0N3lLQ,part_373,2026-09-20 20:20:18,5286
Lehan scrap shops,Scrap Dealer and Raddi Wholesaler,Salvage yard,Salvage yard,797116,North Eastern Circle,North Eastern Region,Nagaland Division,"Dimapur Bazar S.O, Khehekhu B.O, Kuhuboto B.O",N/A,N/A,,,"WQR7+3GF, Dimapur, Nagaland 797116",797116,25.940190599999998,93.7638025,ChIJ0z1xLa4LRjcRFci9R2Zy9mM,https://www.google.com/maps/place/?q=place_id:ChIJ0z1xLa4LRjcRFci9R2Zy9mM,part_373,2026-09-20 20:20:18,5287
Second hand shop chumukedima wholesale bale,Scrap Dealer and Raddi Wholesaler,Clothing wholesale market place,Clothing wholesale market place,797116,North Eastern Circle,North Eastern Region,Nagaland Division,"Dimapur Bazar S.O, Khehekhu B.O, Kuhuboto B.O",+91 60339 76295,N/A,4.7,,"2nd gate, opp. to co-operative bank, Ward 10, Chümoukedima, Dimapur, Nagaland 797103","Ward 10, Chümoukedima",25.8040383,93.7540343,ChIJReeY5BkJRjcRZQte1bvMQI0,https://www.google.com/maps/place/?q=place_id:ChIJReeY5BkJRjcRZQte1bvMQI0,part_373,2026-09-20 20:20:18,5288
Ewaste scrap Buyer,Scrap Dealer and Raddi Wholesaler,Store,Store,797116,North Eastern Circle,North Eastern Region,Nagaland Division,"Dimapur Bazar S.O, Khehekhu B.O, Kuhuboto B.O",N/A,N/A,,,"Nst colony, Wokha, Nagaland 797111",797116,26.102943399999997,94.2575289,ChIJWQ1ZbF1PRjcRmkpvrtMafLk,https://www.google.com/maps/place/?q=place_id:ChIJWQ1ZbF1PRjcRmkpvrtMafLk,part_373,2026-09-20 20:20:18,5289
Kavin e-waste scrappers,Scrap Dealer and Raddi Wholesaler,Scrap metal dealer,Scrap metal dealer,797116,North Eastern Circle,North Eastern Region,Nagaland Division,"Dimapur Bazar S.O, Khehekhu B.O, Kuhuboto B.O",N/A,N/A,,,"ETC COLONY, Wokha, Nagaland 797111",797116,26.104414799999997,94.2566228,ChIJgx8mNhZPRjcRGlPFKqXi8IY,https://www.google.com/maps/place/?q=place_id:ChIJgx8mNhZPRjcRGlPFKqXi8IY,part_373,2026-09-20 20:20:18,5290
V.chisho iron scrape,Scrap Dealer and Raddi Wholesaler,Store,Store,797116,North Eastern Circle,North Eastern Region,Nagaland Division,"Dimapur Bazar S.O, Khehekhu B.O, Kuhuboto B.O",N/A,N/A,5.0,,"WP2F+G72, Army Supply Rd, West Yard Colony, Signal Bosti, Dimapur, Nagaland 797112","West Yard Colony, Signal Bosti",25.901266099999997,93.72312529999999,ChIJ68c7zYrhRTcRNs8DZXIJD3Q,https://www.google.com/maps/place/?q=place_id:ChIJ68c7zYrhRTcRNs8DZXIJD3Q,part_373,2026-09-20 20:20:18,5291
Radiant Traders,Scrap Dealer and Raddi Wholesaler,Wholesaler,Wholesaler,797116,North Eastern Circle,North Eastern Region,Nagaland Division,"Dimapur Bazar S.O, Khehekhu B.O, Kuhuboto B.O",+91 60092 07634,N/A,5.0,1.0,"Golaghat Rd, opposite tragopan hotel, Khermahal, Dimapur, Nagaland 797112",Khermahal,25.9137934,93.7281702,ChIJ56o_1e3hRTcRAKBqzHe1a_0,https://www.google.com/maps/place/?q=place_id:ChIJ56o_1e3hRTcRAKBqzHe1a_0,part_373,2026-09-20 20:20:19,5292
J.K. TRADING CO.,Scrap Dealer and Raddi Wholesaler,Scrap metal dealer,Scrap metal dealer,797117,North Eastern Circle,North Eastern Region,Nagaland Division,"Circular Road S.O, Singal Village B.O, Pwd Colony B.O",N/A,https://jktradingco.info/,4.9,294.0,"PLOT NO-100, Sarhaul, Sector 18, Sarhol, Gurugram, Haryana 122015","Sarhaul, Sector 18",28.4881647,77.0680308,ChIJNzWbNWUZDTkRvQ7914iGne4,https://www.google.com/maps/place/?q=place_id:ChIJNzWbNWUZDTkRvQ7914iGne4,part_373,2026-09-20 20:20:55,6644
Aiza Scrap Traders,Scrap Dealer and Raddi Wholesaler,Scrap metal dealer,Scrap metal dealer,797117,North Eastern Circle,North Eastern Region,Nagaland Division,"Circular Road S.O, Singal Village B.O, Pwd Colony B.O",N/A,N/A,5.0,4.0,"Adress....33 rippon street, infront of st mary church , kolkata,west bengal , pincode.700016, Kolkata, West Bengal 700016",Taltala,22.5536696,88.3604476,ChIJTQhi8053AjoRT7f92MxSvW8,https://www.google.com/maps/place/?q=place_id:ChIJTQhi8053AjoRT7f92MxSvW8,part_373,2026-09-20 20:20:56,6645
Unique Scrap Buyers,Scrap Dealer and Raddi Wholesaler,Kabadiwala & Scrap Merchant,Kabadiwala & Scrap Merchant,797117,North Eastern Circle,North Eastern Region,Nagaland Division,"Circular Road S.O, Singal Village B.O, Pwd Colony B.O",N/A,http://uniquescrpbuyers.com/,5.0,32.0,"2, Cockburn Ln, Esplanade, Taltala, Kolkata, West Bengal 700016","Esplanade, Taltala",22.5534015,88.3553001,ChIJGQKgmC93AjoR2FLomxV0Bho,https://www.google.com/maps/place/?q=place_id:ChIJGQKgmC93AjoR2FLomxV0Bho,part_373,2026-09-20 20:20:56,6646
The Best Scrap Shop,Scrap Dealer and Raddi Wholesaler,Scrap metal dealer,"Scrap metal dealer, Salvage yard, Kabadiwala & Scrap Merchant",797117,North Eastern Circle,North Eastern Region,Nagaland Division,"Circular Road S.O, Singal Village B.O, Pwd Colony B.O",+91 96665 33045,N/A,5.0,379.0,"FCR9+7MQ, Kukatpally, Hyderabad, Telangana 500072",Kukatpally,17.4907049,78.41916959999999,ChIJcxAoNLyRyzsRMf-yVwO8JLA,https://www.google.com/maps/place/?q=place_id:ChIJcxAoNLyRyzsRMf-yVwO8JLA,part_373,2026-09-20 20:20:56,6647
24 * 7 SCRAP BUYER,Scrap Dealer and Raddi Wholesaler,Salvage yard,Salvage yard,797117,North Eastern Circle,North Eastern Region,Nagaland Division,"Circular Road S.O, Singal Village B.O, Pwd Colony B.O",+91 91009 07274,https://24-7-scrap-buyer.grexa.site/,5.0,134.0,"Chandrapuri Colony, L. B. Nagar, Hyderabad, Telangana 500074","Chandrapuri Colony, L. B. Nagar",17.3457176,78.55222959999999,ChIJfVNsgdCZyzsR_rwUqLLpAE0,https://www.google.com/maps/place/?q=place_id:ChIJfVNsgdCZyzsR_rwUqLLpAE0,part_373,2026-09-20 20:20:56,6648
Best Scrap Buyers Hyderabad,Scrap Dealer and Raddi Wholesaler,Scrap metal dealer,Scrap metal dealer,797117,North Eastern Circle,North Eastern Region,Nagaland Division,"Circular Road S.O, Singal Village B.O, Pwd Colony B.O",+91 80 4809 0465,N/A,4.5,12.0,"12-195/2 Bollaram , Near Hanuman temple, X Roads, Bachupally, Miyapur, Hyderabad, Telangana 502325",Bachupally,17.552827999999998,78.350807,ChIJX6NuNCyNyzsR-ZDbymm7IAw,https://www.google.com/maps/place/?q=place_id:ChIJX6NuNCyNyzsR-ZDbymm7IAw,part_373,2026-09-20 20:20:56,6649
"Car Scrap Junction - Junk Vehicle Removal, Scrap & Recycle Dealer",Scrap Dealer and Raddi Wholesaler,Salvage yard,"Salvage yard, Junk dealer, Junk removal service, Recycling center, Kabadiwala & Scrap Merchant, Scrap metal dealer, Second hand store, Used auto parts store",797117,North Eastern Circle,North Eastern Region,Nagaland Division,"Circular Road S.O, Singal Village B.O, Pwd Colony B.O",+91 1800 889 0599,https://carscrapjunction.com/,4.9,649.0,"Akhter Bariwali, 18/1, 68/9/3/1, Topsia 2nd Ln, Tiljala, Kolkata, West Bengal 700039",Tiljala,22.5414335,88.4049101,ChIJD1nRQ4Z3AjoReMnLQ189Kw0,https://www.google.com/maps/place/?q=place_id:ChIJD1nRQ4Z3AjoReMnLQ189Kw0,part_373,2026-09-20 20:20:56,6650
Scrap Buyers,Scrap Dealer and Raddi Wholesaler,Kabadiwala & Scrap Merchant,"Kabadiwala & Scrap Merchant, Garbage dump, Junkyard, Recycling center, Recycling drop-off location",797117,North Eastern Circle,North Eastern Region,Nagaland Division,"Circular Road S.O, Singal Village B.O, Pwd Colony B.O",+91 98492 16638,N/A,5.0,45.0,"#4-1-7/5, Lane Behind - South India Marketing Agencies, Tilak Rd, near Sterling Spares, Ramkoti, Hyderabad, Telangana 500001","Ramkoti, King Koti",17.3901421,78.4809849,ChIJl3P8eDuZyzsRNMX4x_c6JE4,https://www.google.com/maps/place/?q=place_id:ChIJl3P8eDuZyzsRNMX4x_c6JE4,part_373,2026-09-20 20:20:56,6651
The Car Scrap Yard Private Limited,Scrap Dealer and Raddi Wholesaler,Salvage yard,"Salvage yard, Auto parts store, Junk dealer, Kabadiwala & Scrap Merchant, Waste management service",797117,North Eastern Circle,North Eastern Region,Nagaland Division,"Circular Road S.O, Singal Village B.O, Pwd Colony B.O",+91 91239 83307,https://thecarscrapyard.com/,5.0,475.0,"Gulam Jilani Khan Rd, Topsia, Kolkata, West Bengal 700039",Topsia,22.536649699999998,88.3881959,ChIJ4yrZWXB3AjoREQ-fwt2DNzU,https://www.google.com/maps/place/?q=place_id:ChIJ4yrZWXB3AjoREQ-fwt2DNzU,part_373,2026-09-20 20:20:56,6652
Scrap Buyer in Kolkata,Scrap Dealer and Raddi Wholesaler,Scrap metal dealer,Scrap metal dealer,797117,North Eastern Circle,North Eastern Region,Nagaland Division,"Circular Road S.O, Singal Village B.O, Pwd Colony B.O",+91 91638 22217,http://buyscrap.website2.me/,5.0,1.0,"9A, Marquis Street, Park St, near Jamuna Banquets, Kolkata, West Bengal 700016","Esplanade, Taltala",22.556448099999997,88.355749,ChIJ4bD2z5F3AjoRvKBvBasKT74,https://www.google.com/maps/place/?q=place_id:ChIJ4bD2z5F3AjoRvKBvBasKT74,part_373,2026-09-20 20:20:56,6653
"Car Scrap Hub. Best Scrap Car Dealer, Scrap Car Buyer",Scrap Dealer and Raddi Wholesaler,Scrap metal dealer,"Scrap metal dealer, Auto body shop, Auto machine shop, Auto parts market, Junk dealer, Motor vehicle dealer, Kabadiwala & Scrap Merchant, Used car dealer, Used truck dealer",797117,North Eastern Circle,North Eastern Region,Nagaland Division,"Circular Road S.O, Singal Village B.O, Pwd Colony B.O",+91 62910 62852,https://car-scrap-hub.grexa.site/,5.0,103.0,"110/H, 4, Elliot Rd, near Elliot, Post, Park Street area, Kolkata, West Bengal 700016","Post, Park Street area",22.5533215,88.3579884,ChIJ92dUPh13AjoRYv3FIOVvz5s,https://www.google.com/maps/place/?q=place_id:ChIJ92dUPh13AjoRYv3FIOVvz5s,part_373,2026-09-20 20:20:56,6654
SA Traders,Scrap Dealer and Raddi Wholesaler,Scrap metal dealer,"Scrap metal dealer, Iron ware dealer, Junk dealer, Junk removal service, Metalware dealer, Recycling center, Salvage yard, Kabadiwala & Scrap Merchant",797117,North Eastern Circle,North Eastern Region,Nagaland Division,"Circular Road S.O, Singal Village B.O, Pwd Colony B.O",N/A,https://sa-traders.grexa.site/,5.0,,"Musheerabad, Bholakpur, Kavadiguda, Hyderabad, Telangana 500020","Musheerabad, Bholakpur, Kavadiguda",17.419745,78.4988487,ChIJzws-wcGZyzsRwnnuStYUDfw,https://www.google.com/maps/place/?q=place_id:ChIJzws-wcGZyzsRwnnuStYUDfw,part_373,2026-09-20 20:20:56,6655
Meridian metal fab pvt ltd,Scrap Dealer and Raddi Wholesaler,Copper Supplier,Copper Supplier,797117,North Eastern Circle,North Eastern Region,Nagaland Division,"Circular Road S.O, Singal Village B.O, Pwd Colony B.O",N/A,http://www.meridianmetalfab.com/,4.4,,"Ground floor, plot no h122, Bhagat Singh Park, Siraspur, Delhi, 110042","Bhagat Singh Park, Siraspur",28.7596384,77.1419547,ChIJm6gf2SQBDTkREmgHZVxuk1c,https://www.google.com/maps/place/?q=place_id:ChIJm6gf2SQBDTkREmgHZVxuk1c,part_373,2026-09-20 20:20:56,6656
Al-wali enterprises,Scrap Dealer and Raddi Wholesaler,Scrap metal dealer,"Scrap metal dealer, Kabadiwala & Scrap Merchant",797117,North Eastern Circle,North Eastern Region,Nagaland Division,"Circular Road S.O, Singal Village B.O, Pwd Colony B.O",+91 70933 62573,https://callscrapbuyers.in/,5.0,,"1-4-734/7, opposite Badi masjid, Musheerabad, Bholakpur, Kavadiguda, Hyderabad, Telangana 500080","Musheerabad, Bholakpur, Kavadiguda",17.4207177,78.498635,ChIJm8HWonuZyzsRSLqY9d8yxH4,https://www.google.com/maps/place/?q=place_id:ChIJm8HWonuZyzsRSLqY9d8yxH4,part_373,2026-09-20 20:20:56,6657
SRI VENKATESWARA SCRAP BUYERS,Scrap Dealer and Raddi Wholesaler,Scrap metal dealer,Scrap metal dealer,797117,North Eastern Circle,North Eastern Region,Nagaland Division,"Circular Road S.O, Singal Village B.O, Pwd Colony B.O",+91 81252 69491,N/A,5.0,,"lane, opp. site ganesh weight bridge, Kistareddypet, Hyderabad, Telangana 502319",797117,17.5473179,78.29506359999999,ChIJtzVs7CyNyzsRkYIAurOljvc,https://www.google.com/maps/place/?q=place_id:ChIJtzVs7CyNyzsRkYIAurOljvc,part_373,2026-09-20 20:20:56,6658
Scrap Traders,Scrap Dealer and Raddi Wholesaler,Scrap metal dealer,"Scrap metal dealer, Recycling center, Salvage yard",797117,North Eastern Circle,North Eastern Region,Nagaland Division,"Circular Road S.O, Singal Village B.O, Pwd Colony B.O",+91 63018 89024,https://www.scrapdealershyderabad.com/,4.7,,"1-4-586/67, Musheerabad, Bholakpur, indranagar, Hyderabad, Telangana 500020","Musheerabad, Bholakpur, indranagar",17.4157998,78.49516249999999,ChIJ_eWUgsOZyzsRfS83XOcpPFQ,https://www.google.com/maps/place/?q=place_id:ChIJ_eWUgsOZyzsRfS83XOcpPFQ,part_373,2026-09-20 20:20:56,6659
Shrinox Industries - Surplus Metal & Scrap Buyer,Scrap Dealer and Raddi Wholesaler,Scrap metal dealer,"Scrap metal dealer, Service establishment, Junkyard, Metal processing company",797117,North Eastern Circle,North Eastern Region,Nagaland Division,"Circular Road S.O, Singal Village B.O, Pwd Colony B.O",+91 98924 51458,https://scrapmetalsdealer.com/,,,"Shrinox Industries - Surplus Metal & Scrap Buyer, 797117, India",797117,21.0680074,82.7525294,ChIJEaUIxdvP5zsRua48aSADNy4,https://www.google.com/maps/place/?q=place_id:ChIJEaUIxdvP5zsRua48aSADNy4,part_373,2026-09-20 20:20:57,6660
KGN Scrap Traders,Scrap Dealer and Raddi Wholesaler,Scrap metal dealer,Scrap metal dealer,797117,North Eastern Circle,North Eastern Region,Nagaland Division,"Circular Road S.O, Singal Village B.O, Pwd Colony B.O",+91 77560 64420,N/A,4.7,13.0,"Plot no. 16 Raza Nagar, Hingna Rd, behind Rajiv Nagar, Nagpur, Maharashtra 441110",797117,21.0922296,78.9905934,ChIJKTXgLl-V1DsRfGG9EyKeF2E,https://www.google.com/maps/place/?q=place_id:ChIJKTXgLl-V1DsRfGG9EyKeF2E,part_373,2026-09-20 20:20:57,6661
Rajasthan Scrap Company,Scrap Dealer and Raddi Wholesaler,Scrap metal dealer,"Scrap metal dealer, Salvage yard, Kabadiwala & Scrap Merchant",797118,North Eastern Circle,North Eastern Region,Nagaland Division,"Signal Village, Rangapahar B.O, Thahekhu B.O",+91 99821 18819,https://rajasthanscrap.com/,4.6,54.0,"20- Rishi Colony, Lane No. 2, Near RAO’S Classes, Gandhi Nagar Railway Station, Tonk Road,, Jaipur, Rajasthan, Pin Code - 302015, Jaipur, Rajasthan 302015","Jawahar Nagar, Bajaj Nagar",26.8740414,75.7990018,ChIJT8kIjMG1bTkRq_BFmejFJHU,https://www.google.com/maps/place/?q=place_id:ChIJT8kIjMG1bTkRq_BFmejFJHU,part_373,2026-09-20 20:21:32,8205
TAJ SCRAP,Scrap Dealer and Raddi Wholesaler,Scrap metal dealer,Scrap metal dealer,797118,North Eastern Circle,North Eastern Region,Nagaland Division,"Signal Village, Rangapahar B.O, Thahekhu B.O",+91 90357 79885,N/A,4.9,698.0,"VV94+WRQ, Kalpana Rd, Bendoorwell, Kankanady, Mangaluru, Karnataka 575002","Bendoorwell, Kankanady",12.8698319,74.8570948,ChIJ7bwzjDNaozsR_VAuQGro1Yk,https://www.google.com/maps/place/?q=place_id:ChIJ7bwzjDNaozsR_VAuQGro1Yk,part_373,2026-09-20 20:21:32,8206
Crapbin,Scrap Dealer and Raddi Wholesaler,Scrap metal dealer,"Scrap metal dealer, Garbage dump, Recycling center, Salvage yard, Kabadiwala & Scrap Merchant, Waste management service",797118,North Eastern Circle,North Eastern Region,Nagaland Division,"Signal Village, Rangapahar B.O, Thahekhu B.O",+91 77999 96096,https://crapbin.com/,4.6,841.0,"16-9-749/95, Race Course Rd, Papaiah Basthi, Old Malakpet, Hyderabad, Telangana 500036","Papaiah Basthi, Old Malakpet",17.3784285,78.5027381,ChIJ7SPlGEiZyzsR_AY9v6Gdm-I,https://www.google.com/maps/place/?q=place_id:ChIJ7SPlGEiZyzsR_AY9v6Gdm-I,part_373,2026-09-20 20:21:32,8207
Scrap buyers,Scrap Dealer and Raddi Wholesaler,Scrap metal dealer,"Scrap metal dealer, Kabadiwala & Scrap Merchant",797118,North Eastern Circle,North Eastern Region,Nagaland Division,"Signal Village, Rangapahar B.O, Thahekhu B.O",+91 63026 97510,https://scrap-buyers-telangana.grexa.site/,5.0,33.0,"a/1 ground floor, 1-4-888, Gandhi Nagar Road, opp. Josh Enterprises Building, Musheerabad, Bakaram, Kavadiguda, Hyderabad, Telangana 500020","Musheerabad, Bakaram, Kavadiguda",17.415779,78.4962602,ChIJL6VlMC2ZyzsRM_r27uwQzwQ,https://www.google.com/maps/place/?q=place_id:ChIJL6VlMC2ZyzsRM_r27uwQzwQ,part_373,2026-09-20 20:21:32,8208
City Scrap Buyers & Dealers Pvt Ltd,Scrap Dealer and Raddi Wholesaler,Junkyard,Junkyard,797118,North Eastern Circle,North Eastern Region,Nagaland Division,"Signal Village, Rangapahar B.O, Thahekhu B.O",+91 90276 48242,N/A,5.0,7.0,"Shop No. 2 Tarla Adhoiwala, Raipur Rd, Dehradun, Uttarakhand 248005","Bangakhala, Nehrugram",30.290093,78.0954043,ChIJW5-pRJUpCTkRSlcQRn0_NTg,https://www.google.com/maps/place/?q=place_id:ChIJW5-pRJUpCTkRSlcQRn0_NTg,part_373,2026-09-20 20:21:32,8209
Makhdoom Traders,Scrap Dealer and Raddi Wholesaler,Kabadiwala & Scrap Merchant,Kabadiwala & Scrap Merchant,797118,North Eastern Circle,North Eastern Region,Nagaland Division,"Signal Village, Rangapahar B.O, Thahekhu B.O",+91 97489 56272,http://makhdoomtraders.website2.me/,5.0,3.0,"Ramnagar Ln, Alif Nagar, Ramnagar Kumar Para Basti, Garden Reach, Kolkata, West Bengal 700024","Alif Nagar, Ramnagar Kumar Para Basti, Garden Reach",22.5430299,88.2921552,ChIJB96KQrt5AjoRyCGg7crrXgc,https://www.google.com/maps/place/?q=place_id:ChIJB96KQrt5AjoRyCGg7crrXgc,part_373,2026-09-20 20:21:32,8210
GOOD LUCK SCRAP BUYERS,Scrap Dealer and Raddi Wholesaler,Scrap metal dealer,Scrap metal dealer,797118,North Eastern Circle,North Eastern Region,Nagaland Division,"Signal Village, Rangapahar B.O, Thahekhu B.O",+91 83090 03536,https://goodluckscrapbuyer.com/,4.9,,"1-10-1-8, metro station, Begumpet Rd, opposite Andhra Bank, Prakash Nagar, Begumpet, Hyderabad, Telangana 500016","Prakash Nagar, Begumpet",17.4438584,78.4695397,ChIJTWsLoP2RyzsRHOGyj9bF52s,https://www.google.com/maps/place/?q=place_id:ChIJTWsLoP2RyzsRHOGyj9bF52s,part_373,2026-09-20 20:21:33,8211
scrap Buyers in kolkata,Scrap Dealer and Raddi Wholesaler,Scrap metal dealer,"Scrap metal dealer, Salvage yard",797118,North Eastern Circle,North Eastern Region,Nagaland Division,"Signal Village, Rangapahar B.O, Thahekhu B.O",+91 76869 89885,N/A,4.8,,"8/1, Sevak Baidya St, Dover Terrace, Ballygunge, Kolkata, West Bengal 700029","Dover Terrace, Ballygunge",22.5229173,88.3558032,ChIJKc1dXo13AjoRpd69F6jBcvI,https://www.google.com/maps/place/?q=place_id:ChIJKc1dXo13AjoRpd69F6jBcvI,part_373,2026-09-20 20:21:33,8212
Scrap Car And Scrap,Scrap Dealer and Raddi Wholesaler,Junkyard,Junkyard,797118,North Eastern Circle,North Eastern Region,Nagaland Division,"Signal Village, Rangapahar B.O, Thahekhu B.O",+91 93268 03147,N/A,4.9,,"93/2, Topsia Rd, Topsia, Kolkata, West Bengal 700039",Topsia,22.535445,88.3821662,ChIJX82qJb52AjoRvvJQsqyzQJw,https://www.google.com/maps/place/?q=place_id:ChIJX82qJb52AjoRvvJQsqyzQJw,part_373,2026-09-20 20:21:33,8213
Green World Scrap Solution,Scrap Dealer and Raddi Wholesaler,Salvage yard,Salvage yard,797118,North Eastern Circle,North Eastern Region,Nagaland Division,"Signal Village, Rangapahar B.O, Thahekhu B.O",+91 89102 56986,N/A,5.0,,"6, Nawab Abdur Rahman St, Park Street area, Kolkata, West Bengal 700016",Park Street area,22.555022299999997,88.3585844,ChIJQyWI0cF3AjoRuk2jU7rUCnI,https://www.google.com/maps/place/?q=place_id:ChIJQyWI0cF3AjoRuk2jU7rUCnI,part_373,2026-09-20 20:21:33,8214
Sara scrap traders,Scrap Dealer and Raddi Wholesaler,Scrap metal dealer,"Scrap metal dealer, Kabadiwala & Scrap Merchant",797118,North Eastern Circle,North Eastern Region,Nagaland Division,"Signal Village, Rangapahar B.O, Thahekhu B.O",+91 70084 35447,N/A,4.3,6.0,"plot 807, Shikharchandi Rd, Sikharchandi Vihar, Patia, Bhubaneswar, Odisha 751024","Sikharchandi Vihar, Patia",20.3575284,85.8230842,ChIJgzIbL74JGToRYCJBTIm3grk,https://www.google.com/maps/place/?q=place_id:ChIJgzIbL74JGToRYCJBTIm3grk,part_373,2026-09-20 20:21:34,8215
Moti Scrap Dealer,Scrap Dealer and Raddi Wholesaler,Kabadiwala & Scrap Merchant,Kabadiwala & Scrap Merchant,797118,North Eastern Circle,North Eastern Region,Nagaland Division,"Signal Village, Rangapahar B.O, Thahekhu B.O",+91 99374 35438,N/A,4.9,113.0,"Shikharchandi Rd, Sikharchandi Vihar, Patia, Bhubaneswar, Odisha 751024","Sikharchandi Vihar, Patia",20.3584221,85.823259,ChIJe6XQKRMJGToRJUIA6A9jjTc,https://www.google.com/maps/place/?q=place_id:ChIJe6XQKRMJGToRJUIA6A9jjTc,part_373,2026-09-20 20:21:34,8216
ScrapMiner: Scrap Dealers | Scrap Metal Recycling | Dismantling Service,Scrap Dealer and Raddi Wholesaler,Scrap metal dealer,"Scrap metal dealer, Service establishment, Salvage yard",797120,North Eastern Circle,North Eastern Region,Nagaland Division,"P.R.Hill S.O, Lalmati B.O, Phesama B.O",N/A,N/A,,,"ScrapMiner: Scrap Dealers | Scrap Metal Recycling | Dismantling Service, 797120, India",797120,21.0680074,82.7525294,ChIJGybh31h3AjoRL9sNaXxKsw4,https://www.google.com/maps/place/?q=place_id:ChIJGybh31h3AjoRL9sNaXxKsw4,part_373,2026-09-20 20:22:10,12313
Scrap dealer raipally road,Scrap Dealer and Raddi Wholesaler,Warehouse,Warehouse,797120,North Eastern Circle,North Eastern Region,Nagaland Division,"P.R.Hill S.O, Lalmati B.O, Phesama B.O",N/A,N/A,5.0,,"2QFJ+QF4, Narayankhed (CT), Telangana 502286",797120,18.0243972,77.7811895,ChIJH-k3DwCjzjsRoTUthAtZc0o,https://www.google.com/maps/place/?q=place_id:ChIJH-k3DwCjzjsRoTUthAtZc0o,part_373,2026-09-20 20:22:10,12314
Sahib Metal,Scrap Dealer and Raddi Wholesaler,Scrap metal dealer,"Scrap metal dealer, Aluminium Supplier, Copper Supplier, Metal supplier, Salvage yard",797120,North Eastern Circle,North Eastern Region,Nagaland Division,"P.R.Hill S.O, Lalmati B.O, Phesama B.O",+91 92106 00400,N/A,4.7,,"E-87, Mayapuri Industrial Area Phase II, Mayapuri, New Delhi, Delhi 110064","Mayapuri Industrial Area Phase II, Mayapuri",28.6182515,77.119216,ChIJ9xQ_c0wDDTkRNKaYuiZG9XE,https://www.google.com/maps/place/?q=place_id:ChIJ9xQ_c0wDDTkRNKaYuiZG9XE,part_373,2026-09-20 20:22:10,12315
Scrap Haat,Scrap Dealer and Raddi Wholesaler,Junkyard,Junkyard,797120,North Eastern Circle,North Eastern Region,Nagaland Division,"P.R.Hill S.O, Lalmati B.O, Phesama B.O",+91 97593 99575,http://scraphaat.com/,4.0,,"shahad garhi, post - Hasanpur, Mant, Uttar Pradesh 281205",797120,27.846375,77.72644,ChIJT4u0FaFEczkRPCj6lszqpek,https://www.google.com/maps/place/?q=place_id:ChIJT4u0FaFEczkRPCj6lszqpek,part_373,2026-09-20 20:22:10,12316
New Narsimha Scrap traders (Chilukamari's),Scrap Dealer and Raddi Wholesaler,Scrap metal dealer,Scrap metal dealer,797120,North Eastern Circle,North Eastern Region,Nagaland Division,"P.R.Hill S.O, Lalmati B.O, Phesama B.O",N/A,N/A,4.3,,"H.no:-4, Raja Rajeshwara swami temple, 4-305/2, Rajeshuni Gutta Rd, Telangana 505327",797120,18.796116899999998,78.9005206,ChIJL9-eZeUTzTsRKghMd_VURjE,https://www.google.com/maps/place/?q=place_id:ChIJL9-eZeUTzTsRKghMd_VURjE,part_373,2026-09-20 20:22:10,12317
R D UDYOG,Scrap Dealer and Raddi Wholesaler,Scrap metal dealer,Scrap metal dealer,797120,North Eastern Circle,North Eastern Region,Nagaland Division,"P.R.Hill S.O, Lalmati B.O, Phesama B.O",+91 99038 37462,N/A,5.0,,"2, Howrah, West Bengal 711204",Liluah,22.6195889,88.3461579,ChIJD9T-WvCd-DkRxojMIcTAUZA,https://www.google.com/maps/place/?q=place_id:ChIJD9T-WvCd-DkRxojMIcTAUZA,part_373,2026-09-20 20:22:11,12318
R.S SCRAP. TRADERS,Scrap Dealer and Raddi Wholesaler,Scrap metal dealer,Scrap metal dealer,797120,North Eastern Circle,North Eastern Region,Nagaland Division,"P.R.Hill S.O, Lalmati B.O, Phesama B.O",+91 89553 07591,N/A,4.5,26.0,"Dadwara, Kota, Kota Municipal Area, Rajasthan 324002",Dadwara,25.2379338,75.89246469999999,ChIJq5LtE3OabzkRqrq-gzD3jAQ,https://www.google.com/maps/place/?q=place_id:ChIJq5LtE3OabzkRqrq-gzD3jAQ,part_373,2026-09-20 20:22:11,12319
ROYAL TRADERS,Scrap Dealer and Raddi Wholesaler,Scrap metal dealer,Scrap metal dealer,797120,North Eastern Circle,North Eastern Region,Nagaland Division,"P.R.Hill S.O, Lalmati B.O, Phesama B.O",+91 97035 54270,https://www.royaltraders.co.in/,5.0,1.0,"near FISH MARKET, Harinagar, Musheerabad, Zamistanpur, Hyderabad, Telangana 500020","Harinagar, Musheerabad, Zamistanpur",17.4129274,78.5013178,ChIJj_Q1Sr-ZyzsRg3PB9wZlX9Y,https://www.google.com/maps/place/?q=place_id:ChIJj_Q1Sr-ZyzsRg3PB9wZlX9Y,part_373,2026-09-20 20:22:12,12320
Telangana old iron and waste paper,Scrap Dealer and Raddi Wholesaler,Scrap metal dealer,Scrap metal dealer,797120,North Eastern Circle,North Eastern Region,Nagaland Division,"P.R.Hill S.O, Lalmati B.O, Phesama B.O",+91 99590 27046,N/A,5.0,5.0,"Spr school lane, 100 Feet Rd, Nayeem Nagar, Gopalapuram, Hanamkonda, Telangana 506001","Nayeem Nagar, Gopalapuram",18.0175446,79.5459671,ChIJh42V4l5PMzoR3GBtH3OqN38,https://www.google.com/maps/place/?q=place_id:ChIJh42V4l5PMzoR3GBtH3OqN38,part_373,2026-09-20 20:22:12,12321
Warangal Old Iron Scrap Shop,Scrap Dealer and Raddi Wholesaler,Kabadiwala & Scrap Merchant,Kabadiwala & Scrap Merchant,797120,North Eastern Circle,North Eastern Region,Nagaland Division,"P.R.Hill S.O, Lalmati B.O, Phesama B.O",+91 91770 98304,N/A,5.0,11.0,"1337, 5-11, near Kakatiya University Bypass Road, Hanuman Nagar, Hanamkonda, Telangana 506001",Hanuman Nagar,18.0207272,79.5602105,ChIJf5074mFPMzoRxLauYKxAVEg,https://www.google.com/maps/place/?q=place_id:ChIJf5074mFPMzoRxLauYKxAVEg,part_373,2026-09-20 20:22:12,12322
Mumbai Scrap,Scrap Dealer and Raddi Wholesaler,Scrap metal dealer,Scrap metal dealer,797121,North Eastern Circle,North Eastern Region,Nagaland Division,High School Junction S.O,+91 80806 96004,https://www.mumbaiscrap.in/,4.8,,"Ram Mandir Rd, Mahatma Jyotiba Phule Nagar, Goregaon West, Mumbai, Maharashtra 400104","Mahatma Jyotiba Phule Nagar, Goregaon West",19.148975999999998,72.84493719999999,ChIJ-_IaifG35zsR8NsaQWkvkFU,https://www.google.com/maps/place/?q=place_id:ChIJ-_IaifG35zsR8NsaQWkvkFU,part_373,2026-09-20 20:22:50,20921
Scrap Vendor,Scrap Dealer and Raddi Wholesaler,Recycling center,"Recycling center, Waste management service",797121,North Eastern Circle,North Eastern Region,Nagaland Division,High School Junction S.O,+91 90294 45540,http://www.scrapvendor.com/,4.5,,"Office No, Pavte Ground, 1, opposite Subhash Lane, Malad, Malad East, Mumbai, Maharashtra 400097","Malad, Malad East",19.1840889,72.85032559999999,ChIJ32CopQK35zsRT_pJr2r-42Y,https://www.google.com/maps/place/?q=place_id:ChIJ32CopQK35zsRT_pJr2r-42Y,part_373,2026-09-20 20:22:50,20922
RADDIWALA AND SCRAP DEALER(SCRAP BUYER PUNE),Scrap Dealer and Raddi Wholesaler,Kabadiwala & Scrap Merchant,Kabadiwala & Scrap Merchant,797121,North Eastern Circle,North Eastern Region,Nagaland Division,High School Junction S.O,+91 91727 78899,N/A,4.0,,"47, Aranyeshwar Rd, Annabhau Sathe Jhopadpatti Complex, Taware Colony, Maharshi Nagar, Pune, Maharashtra 411009","Annabhau Sathe Jhopadpatti Complex, Taware Colony, Maharshi Nagar",18.4868032,73.8546073,ChIJw5_SBB3AwjsR2CU4qkqjBgk,https://www.google.com/maps/place/?q=place_id:ChIJw5_SBB3AwjsR2CU4qkqjBgk,part_373,2026-09-20 20:22:50,20923
Sunil Scrap Centre,Scrap Dealer and Raddi Wholesaler,Kabadiwala & Scrap Merchant,Kabadiwala & Scrap Merchant,797121,North Eastern Circle,North Eastern Region,Nagaland Division,High School Junction S.O,+91 93590 29457,N/A,5.0,,"Survey No. 89, Samarth Nagar, Road, Hingane Mala, Ramtekadi, Hadapsar, Pune, Maharashtra 411013","Hingane Mala, Ramtekadi, Hadapsar",18.4928354,73.92692319999999,ChIJx7pQJizBwjsRmZyP3kOeJMc,https://www.google.com/maps/place/?q=place_id:ChIJx7pQJizBwjsRmZyP3kOeJMc,part_373,2026-09-20 20:22:50,20924
Wasim Scrap Centre,Scrap Dealer and Raddi Wholesaler,Scrap metal dealer,"Scrap metal dealer, Plastic Products Supplier, Kabadiwala & Scrap Merchant",797121,North Eastern Circle,North Eastern Region,Nagaland Division,High School Junction S.O,+91 91567 91321,N/A,5.0,,"Wasim Scrap Centre, Spicer College Road, Rohan Nilay, Aundh, Pune, Maharashtra 411007","Rohan Nilay, Aundh",18.566584499999998,73.8174627,ChIJPc7Qcrm_wjsRe55keEtCKh4,https://www.google.com/maps/place/?q=place_id:ChIJPc7Qcrm_wjsRe55keEtCKh4,part_373,2026-09-20 20:22:50,20925
EverGreen Office Scrap Buyer,Scrap Dealer and Raddi Wholesaler,Scrap metal dealer,Scrap metal dealer,797121,North Eastern Circle,North Eastern Region,Nagaland Division,High School Junction S.O,+91 70211 62566,N/A,5.0,,"Office No .12, D/36, D-36/32, near Kakiro Hotel, Navjhot Chs, Sector 12, Kharghar, Navi Mumbai, Maharashtra 410210","Navjhot Chs, Sector 12, Kharghar",19.040132399999997,73.06470449999999,ChIJAQAfBRbC5zsRcbz8O1h25JE,https://www.google.com/maps/place/?q=place_id:ChIJAQAfBRbC5zsRcbz8O1h25JE,part_373,2026-09-20 20:22:50,20926
Kabadiclean,Scrap Dealer and Raddi Wholesaler,Recycling center,"Recycling center, Waste management service",797121,North Eastern Circle,North Eastern Region,Nagaland Division,High School Junction S.O,+91 70046 96154,N/A,4.7,,"Kanke - Ormanjhi Rd, Ranchi, Jharkhand 834006",797121,23.4309768,85.35910249999999,ChIJ1cQvqIvl9DkR_R76jjpdj5Q,https://www.google.com/maps/place/?q=place_id:ChIJ1cQvqIvl9DkR_R76jjpdj5Q,part_373,2026-09-20 20:22:50,20927
Sitara Scrap Center,Scrap Dealer and Raddi Wholesaler,Scrap metal dealer,Scrap metal dealer,797121,North Eastern Circle,North Eastern Region,Nagaland Division,High School Junction S.O,+91 97306 91672,N/A,5.0,,"Forest Park, Road, opposite Forest .in Hotel, Pune International Airport Area, Lohegaon, Pune, Maharashtra 411014","Pune International Airport Area, Lohegaon",18.5689538,73.9439731,ChIJhVn66DjDwjsRCn7auXBLXLQ,https://www.google.com/maps/place/?q=place_id:ChIJhVn66DjDwjsRCn7auXBLXLQ,part_373,2026-09-20 20:22:50,20928
BHILAI SCRAP &TRADERS,Scrap Dealer and Raddi Wholesaler,Scrap metal dealer,Scrap metal dealer,797121,North Eastern Circle,North Eastern Region,Nagaland Division,High School Junction S.O,+91 93272 27413,N/A,5.0,,"New Bapu Nagar, New Thorala, Bapu Nagar, Rajkot, Gujarat 360002","New Bapu Nagar, New Thorala, Bapu Nagar",22.2865344,70.8150484,ChIJP_VDPdy1WTkRxpmBViBUQKA,https://www.google.com/maps/place/?q=place_id:ChIJP_VDPdy1WTkRxpmBViBUQKA,part_373,2026-09-20 20:22:50,20929
Bhangarwala scrap center,Scrap Dealer and Raddi Wholesaler,Scrap metal dealer,"Scrap metal dealer, Junkyard, Kabadiwala & Scrap Merchant",797121,North Eastern Circle,North Eastern Region,Nagaland Division,High School Junction S.O,+91 92841 48790,N/A,5.0,,"Karve Rd, Anant Kurpa Society, Lokmanya Colony, Kothrud, Pune, Maharashtra 411038","Anant Kurpa Society, Lokmanya Colony, Kothrud",18.508028499999998,73.807478,ChIJ276S41-_wjsRoAHch_jMvpo,https://www.google.com/maps/place/?q=place_id:ChIJ276S41-_wjsRoAHch_jMvpo,part_373,2026-09-20 20:22:50,20930
Aafiya Scrap Traders,Scrap Dealer and Raddi Wholesaler,Scrap metal dealer,Scrap metal dealer,797121,North Eastern Circle,North Eastern Region,Nagaland Division,High School Junction S.O,N/A,N/A,3.7,,"Arpan Apartment, Kadam Palli Rd, opposite Kadrasha Ki Nall, Kailash Nagar, Nanpura, Surat, Gujarat 395001","Kailash Nagar, Nanpura",21.180725499999998,72.8184548,ChIJCZBQ0G1O4DsRxKv-Tc00Tps,https://www.google.com/maps/place/?q=place_id:ChIJCZBQ0G1O4DsRxKv-Tc00Tps,part_373,2026-09-20 20:22:50,20931
Mr mehzan Traders,Scrap Dealer and Raddi Wholesaler,Scrap metal dealer,Scrap metal dealer,797121,North Eastern Circle,North Eastern Region,Nagaland Division,High School Junction S.O,+91 90086 73630,N/A,5.0,,"No 474.5/10 Pillaganahalli, new, 80 Feet Road, Gottigere, Karnataka 560083","South Avenue, Gottigere",12.853199199999999,77.5832169,ChIJCTLH8AlrrjsRAqtz_idPNWM,https://www.google.com/maps/place/?q=place_id:ChIJCTLH8AlrrjsRAqtz_idPNWM,part_373,2026-09-20 20:22:50,20932
Scrap buyers in Hyderabad Azka & co.,Scrap Dealer and Raddi Wholesaler,Scrap metal dealer,"Scrap metal dealer, Auto wrecker, Garbage collection service, Junk dealer, Recycling center, Salvage yard, Kabadiwala & Scrap Merchant, Waste management service",797121,North Eastern Circle,North Eastern Region,Nagaland Division,High School Junction S.O,+91 99663 83984,https://city-scrap-buyer-azka.grexa.site/,5.0,,"1-4-308/7, siddiq nagar, Musheerabad, Bholakpur, Kavadiguda, Hyderabad, Telangana 500080","siddiq nagar, Musheerabad, Bholakpur, Kavadiguda",17.420208,78.4960409,ChIJaSLd4vOZyzsRf7kYEBggb8I,https://www.google.com/maps/place/?q=place_id:ChIJaSLd4vOZyzsRf7kYEBggb8I,part_373,2026-09-20 20:22:51,20933
Hyderabad scrap buyers ( MS TRADERS ),Scrap Dealer and Raddi Wholesaler,Garbage dump,"Garbage dump, Salvage yard, Kabadiwala & Scrap Merchant, Scrap metal dealer",797121,North Eastern Circle,North Eastern Region,Nagaland Division,High School Junction S.O,+91 90325 18944,http://www.hyderabadscrapbuyers.com/,4.9,,"backside of cinemax, Plot no.102, Road No. 14, near tv9, BNR Colony, Venkat Nagar, Banjara Hills, Hyderabad, Telangana 500034","BNR Colony, Venkat Nagar, Banjara Hills",17.4226246,78.4275656,ChIJ5SOlQtuXyzsRT9tnQ9vSa_0,https://www.google.com/maps/place/?q=place_id:ChIJ5SOlQtuXyzsRT9tnQ9vSa_0,part_373,2026-09-20 20:22:51,20934
Hyderabad Scrap Buyers,Scrap Dealer and Raddi Wholesaler,Scrap metal dealer,"Scrap metal dealer, Aluminium Supplier, Demolition contractor, Industrial equipment supplier, Junk dealer, Metal fabricator, Salvage dealer, Salvage yard, Kabadiwala & Scrap Merchant, Waste management service",797121,North Eastern Circle,North Eastern Region,Nagaland Division,High School Junction S.O,+91 96666 88874,http://www.hyderabadscrapbuyer.com/,4.9,,"1-4-551/6/a, Bakaram, Kavadiguda, Hyderabad, Telangana 500020","Bakaram, Kavadiguda",17.4170276,78.4933516,ChIJd5v7WRmZyzsRFe8JXRoYN_s,https://www.google.com/maps/place/?q=place_id:ChIJd5v7WRmZyzsRFe8JXRoYN_s,part_373,2026-09-20 20:22:51,20935
Anmol Traders Computer scrap buyers,Scrap Dealer and Raddi Wholesaler,Scrap metal dealer,"Scrap metal dealer, Junkyard, Kabadiwala & Scrap Merchant",797121,North Eastern Circle,North Eastern Region,Nagaland Division,High School Junction S.O,+91 90593 76125,N/A,4.9,,"8-3-231/A, 84, Sri Krishna Nagar, Yousufguda, Hyderabad, Telangana 500045","Sri Krishna Nagar, Yousufguda",17.431613,78.42665939999999,ChIJwYIEpmmRyzsRivC-_ui3-Vo,https://www.google.com/maps/place/?q=place_id:ChIJwYIEpmmRyzsRivC-_ui3-Vo,part_373,2026-09-20 20:22:51,20936
Vishal Scrap Dealers,Scrap Dealer and Raddi Wholesaler,Scrap metal dealer,Scrap metal dealer,797121,North Eastern Circle,North Eastern Region,Nagaland Division,High School Junction S.O,+91 99535 69698,https://www.vishalscrapdealers.com/,5.0,3.0,"Om Nagar, Sector 11, Gurugram, Haryana 122001","Om Nagar, Sector 11",28.449301,77.0213639,ChIJk8M59y4ZDTkRlYNFOHQWMhk,https://www.google.com/maps/place/?q=place_id:ChIJk8M59y4ZDTkRlYNFOHQWMhk,part_373,2026-09-20 20:22:51,20937
Scrap buyers,Scrap Dealer and Raddi Wholesaler,Scrap metal dealer,"Scrap metal dealer, Garbage collection service, Garbage dump, Recycling center, Salvage yard, Kabadiwala & Scrap Merchant, Solid waste engineer",797121,North Eastern Circle,North Eastern Region,Nagaland Division,High School Junction S.O,N/A,N/A,5.0,2.0,"Bannerghatta Rd, Jayanagara 9th Block, BTM 1st Stage, Bengaluru, Karnataka 560029","Jayanagara 9th Block, BTM 1st Stage",12.9199726,77.6000171,ChIJaXwhcFwVrjsRWqqb41OxIF4,https://www.google.com/maps/place/?q=place_id:ChIJaXwhcFwVrjsRWqqb41OxIF4,part_373,2026-09-20 20:22:51,20938
Delhi Kabadi Wala,Scrap Dealer and Raddi Wholesaler,Scrap metal dealer,Scrap metal dealer,797121,North Eastern Circle,North Eastern Region,Nagaland Division,High School Junction S.O,+91 99537 26684,https://www.delhikabadiwala.com/,4.7,178.0,"Shop No, 14, near Gate No. 2, Kishangarh Village, Kishangarh, Vasant Kunj, New Delhi, Delhi 110070","Kishangarh Village, Kishangarh, Vasant Kunj",28.5212558,77.16765579999999,ChIJLRbnYRUfDTkR8zMlSK_pVaY,https://www.google.com/maps/place/?q=place_id:ChIJLRbnYRUfDTkR8zMlSK_pVaY,part_373,2026-09-20 20:22:51,20939
Scrap dealers,Scrap Dealer and Raddi Wholesaler,Scrap metal dealer,Scrap metal dealer,797121,North Eastern Circle,North Eastern Region,Nagaland Division,High School Junction S.O,N/A,N/A,5.0,,"Dabua Pali Rd, Faridabad, Haryana 121001",797121,28.3829365,77.2631174,ChIJ07EfninfDDkRNJ37aDsDcRg,https://www.google.com/maps/place/?q=place_id:ChIJ07EfninfDDkRNJ37aDsDcRg,part_373,2026-09-20 20:22:52,20940
GLOBAL IRON TRADERS-Scrap Buyers In Hyderabad,Scrap Dealer and Raddi Wholesaler,Scrap metal dealer,"Scrap metal dealer, Iron works, Salvage yard, Kabadiwala & Scrap Merchant",797121,North Eastern Circle,North Eastern Region,Nagaland Division,High School Junction S.O,+91 97001 85335,https://www.globalirontraders.com/?utm_source=gbp,5.0,,"1-4-840, Musheerabad, Bholakpur, Kavadiguda, Hyderabad, Telangana 500020","Musheerabad, Bholakpur, Kavadiguda",17.417511299999997,78.4970762,ChIJuUCBZ2OZyzsRZTYi_p4b5xs,https://www.google.com/maps/place/?q=place_id:ChIJuUCBZ2OZyzsRZTYi_p4b5xs,part_373,2026-09-20 20:22:52,20941
T F TRADERS SCRAP BUYERS IN HYDERABAD,Scrap Dealer and Raddi Wholesaler,Scrap metal dealer,"Scrap metal dealer, Air conditioning contractor, Battery Wholesaler, Contractor, Junk dealer, Recycling center, Salvage yard, Kabadiwala & Scrap Merchant, Waste management service",797121,North Eastern Circle,North Eastern Region,Nagaland Division,High School Junction S.O,+91 91607 24625,https://t-f-traders.grexa.site/,4.9,,"1-4-27/71/200, Padmashali Colony, Bholakpur, Kavadiguda, Hyderabad, Telangana 500080","Padmashali Colony, Bholakpur, Kavadiguda",17.4208213,78.49330719999999,ChIJax5uFhKZyzsRa--nUOB0YDc,https://www.google.com/maps/place/?q=place_id:ChIJax5uFhKZyzsRa--nUOB0YDc,part_373,2026-09-20 20:22:52,20942
A.B.Scrap,Scrap Dealer and Raddi Wholesaler,Home goods store,Home goods store,798601,North Eastern Circle,North Eastern Region,Nagaland Division,"Mokokchung S.O, Aolijen B.O, Arree Old B.O",+91 84863 97434,N/A,3.0,1.0,"2Q97+8XR, Sukhanjan, Assam 782490",798601,26.018366,93.7648901,ChIJu0gzIxV1RjcRbrrueszdVvw,https://www.google.com/maps/place/?q=place_id:ChIJu0gzIxV1RjcRbrrueszdVvw,part_373,2026-09-20 20:23:26,24046
HR Scrap Merchent,Scrap Dealer and Raddi Wholesaler,Recycling center,"Recycling center, Service establishment",798601,North Eastern Circle,North Eastern Region,Nagaland Division,"Mokokchung S.O, Aolijen B.O, Arree Old B.O",+91 88151 61096,https://hrscrapmerchent.online/,5.0,26.0,"HR Scrap Merchent, 798601, India",798601,22.086752,79.54807509999999,ChIJ3TQ73PMAqgoRWOzWRb0UwgQ,https://www.google.com/maps/place/?q=place_id:ChIJ3TQ73PMAqgoRWOzWRb0UwgQ,part_373,2026-09-20 20:23:26,24047
S.S.K .SCRAP CENTER,Scrap Dealer and Raddi Wholesaler,Scrap metal dealer,"Scrap metal dealer, Metal processing company, Metal supplier, Recycling center, Salvage yard, Kabadiwala & Scrap Merchant",798601,North Eastern Circle,North Eastern Region,Nagaland Division,"Mokokchung S.O, Aolijen B.O, Arree Old B.O",+91 95552 63423,https://ssk-scrap-center-shop.grexa.site/,4.9,268.0,"Shop no 2, center, Kate pamp road, opposite Aditya Homeopathic Hospital & Healing Centre, Pimpri Gaon, Pimpri Colony, Pimpri-Chinchwad, Maharashtra 411017","Pimpri Gaon, Pimpri Colony",18.6080152,73.8007842,ChIJS_lLz3W5wjsRRX4Qj5OKC1o,https://www.google.com/maps/place/?q=place_id:ChIJS_lLz3W5wjsRRX4Qj5OKC1o,part_373,2026-09-20 20:23:27,24048
ScrapDeal Recycling Pvt Ltd,Scrap Dealer and Raddi Wholesaler,Waste management service,Waste management service,798601,North Eastern Circle,North Eastern Region,Nagaland Division,"Mokokchung S.O, Aolijen B.O, Arree Old B.O",+91 83800 82002,http://www.scrapdeal.co.in/,4.0,143.0,"datta krushnai managal karyalay, Near, Sinhgad Rd, Vadgaon Khurd, Nanded Fata, Pandurang Industrial Area, Dhayari phata, Pune, Maharashtra 411041","Vadgaon Khurd, Nanded Fata, Pandurang Industrial Area, Dhayari phata",18.460262,73.8094373,ChIJlQhg8TrrwjsRqFhS2s2J7JM,https://www.google.com/maps/place/?q=place_id:ChIJlQhg8TrrwjsRqFhS2s2J7JM,part_373,2026-09-20 20:23:27,24049
KABADWALA,Scrap Dealer and Raddi Wholesaler,Kabadiwala & Scrap Merchant,"Kabadiwala & Scrap Merchant, Book store, Books Wholesaler, Garbage collection service, Garbage dump, Paper distributor, Paper store, Salvage yard, Second hand store, Waste management service",798601,North Eastern Circle,North Eastern Region,Nagaland Division,"Mokokchung S.O, Aolijen B.O, Arree Old B.O",+91 72781 22595,N/A,5.0,111.0,"50/1, Dr. Suresh Sarkar Rd, Entally, Kolkata, West Bengal 700014",Entally,22.5518887,88.37252099999999,ChIJQa2g7cl3AjoRtiafOCGZvYI,https://www.google.com/maps/place/?q=place_id:ChIJQa2g7cl3AjoRtiafOCGZvYI,part_373,2026-09-20 20:23:27,24050
Junk Bazar - Best Sustainable and Innovative Waste Management Solution Company,Scrap Dealer and Raddi Wholesaler,Kabadiwala & Scrap Merchant,"Kabadiwala & Scrap Merchant, Recycling center, Waste management service",798601,North Eastern Circle,North Eastern Region,Nagaland Division,"Mokokchung S.O, Aolijen B.O, Arree Old B.O",+91 97097 09248,http://junkbazar.com/,4.6,31.0,"Kangkar Bagh Road, Kumhar Toli, Ghrounda, Patna, Bihar 800001","Kumhar Toli, Ghrounda",25.6029889,85.1447798,ChIJBRRyXytZ7TkRU5qvAK__Yh4,https://www.google.com/maps/place/?q=place_id:ChIJBRRyXytZ7TkRU5qvAK__Yh4,part_373,2026-09-20 20:23:27,24051
SA TRADERS SCRAP (kabadi),Scrap Dealer and Raddi Wholesaler,Kabadiwala & Scrap Merchant,Kabadiwala & Scrap Merchant,798601,North Eastern Circle,North Eastern Region,Nagaland Division,"Mokokchung S.O, Aolijen B.O, Arree Old B.O",+91 80830 87849,http://www.satraders.com/,3.7,3.0,"Patna Jct, Budh Vihar, Fraser Road Area, Patna, Bihar 800001","Budh Vihar, Fraser Road Area",25.6048053,85.1340993,ChIJ3fPDKUJZ7TkRsxAg273VGiY,https://www.google.com/maps/place/?q=place_id:ChIJ3fPDKUJZ7TkRsxAg273VGiY,part_373,2026-09-20 20:23:27,24052
scrap godown,Scrap Dealer and Raddi Wholesaler,Business center,Business center,798601,North Eastern Circle,North Eastern Region,Nagaland Division,"Mokokchung S.O, Aolijen B.O, Arree Old B.O",+91 99057 57214,N/A,4.9,25.0,"Unnamed Road, Naginapuri, Dindli Basti, Adityapur, Jamshedpur, Jharkhand 831013","Naginapuri, Dindli Basti, Adityapur",22.789258699999998,86.1688507,ChIJadCQvJjk9TkRJbb8ED0YEqM,https://www.google.com/maps/place/?q=place_id:ChIJadCQvJjk9TkRJbb8ED0YEqM,part_373,2026-09-20 20:23:27,24053
Jitender Singh Scrap Dealer,Scrap Dealer and Raddi Wholesaler,Scrap metal dealer,Scrap metal dealer,798601,North Eastern Circle,North Eastern Region,Nagaland Division,"Mokokchung S.O, Aolijen B.O, Arree Old B.O",N/A,N/A,,,"near Rupam Petrol Pump, Murha Teteli, Vartak, Tezpur, Assam 784001","Murha Teteli, Vartak",26.6372644,92.783519,ChIJbZ8ahR_pRDcRge_dL_winIc,https://www.google.com/maps/place/?q=place_id:ChIJbZ8ahR_pRDcRge_dL_winIc,part_373,2026-09-20 20:23:27,24054
ꯑꯈꯣꯏꯃꯥꯒꯤ ꯌꯣꯇꯦꯛ-ꯊꯥꯡꯇꯦꯛ ꯊꯝꯕꯝ Akhoimagi Mini Scrap House,Scrap Dealer and Raddi Wholesaler,Salvage yard,"Salvage yard, Recycling drop-off location",798601,North Eastern Circle,North Eastern Region,Nagaland Division,"Mokokchung S.O, Aolijen B.O, Arree Old B.O",N/A,N/A,,,"Tera Urak, Wabagai, Thoubal, Manipur 795103",Tera Urak,24.5310366,93.9456649,ChIJOVh0k4o5STcRJi39p53GsuY,https://www.google.com/maps/place/?q=place_id:ChIJOVh0k4o5STcRJi39p53GsuY,part_373,2026-09-20 20:23:27,24055
Anand Scrap Dealer,Scrap Dealer and Raddi Wholesaler,Scrap metal dealer,Scrap metal dealer,798601,North Eastern Circle,North Eastern Region,Nagaland Division,"Mokokchung S.O, Aolijen B.O, Arree Old B.O",N/A,N/A,5.0,1.0,"Denzong Road, Lal Market Rd, Vishal Gaon, Gangtok, Sikkim 737101",Vishal Gaon,27.3273269,88.6118233,ChIJF1nMHQel5jkRedDY_975WJE,https://www.google.com/maps/place/?q=place_id:ChIJF1nMHQel5jkRedDY_975WJE,part_373,2026-09-20 20:23:27,24056
Mittal Scrap Dealer,Scrap Dealer and Raddi Wholesaler,Scrap metal dealer,"Scrap metal dealer, Salvage yard, Kabadiwala & Scrap Merchant",798602,North Eastern Circle,North Eastern Region,Nagaland Division,"Tizit S.O, Namsa B.O, Yannu B.O",+91 97795 53556,N/A,5.0,,"Shop No. 8, Jhampur, Punjab 160014",798602,30.767524499999997,76.7091032,ChIJeQbRJmbxDzkRL-aqoLY7mZc,https://www.google.com/maps/place/?q=place_id:ChIJeQbRJmbxDzkRL-aqoLY7mZc,part_373,2026-09-20 20:24:00,26554
OIC META ALLOYS,Scrap Dealer and Raddi Wholesaler,Metal supplier,"Metal supplier, Aluminium Supplier, Supplier, Importer, Metal processing company, Metallurgy company, Salvage yard, Scrap metal dealer",798602,North Eastern Circle,North Eastern Region,Nagaland Division,"Tizit S.O, Namsa B.O, Yannu B.O",+91 76657 00077,http://www.oicmetaalloy.com/,4.4,,"E352a, f road, MIA, Madri, Udaipur, Rajasthan 313003","MIA, Madri, Transport Nagar",24.577653599999998,73.7543421,ChIJK30w8KnoZzkRWA17rAu-IRg,https://www.google.com/maps/place/?q=place_id:ChIJK30w8KnoZzkRWA17rAu-IRg,part_373,2026-09-20 20:24:00,26555
Classic Scrap Buyers Hyderabad,Scrap Dealer and Raddi Wholesaler,Scrap metal dealer,Scrap metal dealer,798602,North Eastern Circle,North Eastern Region,Nagaland Division,"Tizit S.O, Namsa B.O, Yannu B.O",+91 90307 77868,https://classicscrapbuyers.com/,4.7,98.0,"4-742, 1, Musheerabad, Bholakpur, Hyderabad, Telangana 500020","Musheerabad, Bholakpur, Kavadiguda",17.418287199999998,78.4987134,ChIJ6XlllFeZyzsRr5mN7txIBbw,https://www.google.com/maps/place/?q=place_id:ChIJ6XlllFeZyzsRr5mN7txIBbw,part_373,2026-09-20 20:24:01,26556
Scrap Buyer Hyd,Scrap Dealer and Raddi Wholesaler,Scrap metal dealer,"Scrap metal dealer, Recycling center, Salvage yard, Kabadiwala & Scrap Merchant",798602,North Eastern Circle,North Eastern Region,Nagaland Division,"Tizit S.O, Namsa B.O, Yannu B.O",+91 93479 00512,https://scrapbuyerhyd.com/,4.9,148.0,"2-21-191, Rasool Pura Rd, Police Lines, Jagadish Nagar Colony, Gun Bazar, Begumpet, Hyderabad, Telangana 500003","Police Lines, Jagadish Nagar Colony, Gun Bazar, Begumpet",17.448630899999998,78.4770099,ChIJHUICE_iZyzsRlTq4-F5W9QY,https://www.google.com/maps/place/?q=place_id:ChIJHUICE_iZyzsRlTq4-F5W9QY,part_373,2026-09-20 20:24:01,26557
MSH Scrap Buyer,Scrap Dealer and Raddi Wholesaler,Kabadiwala & Scrap Merchant,Kabadiwala & Scrap Merchant,798602,North Eastern Circle,North Eastern Region,Nagaland Division,"Tizit S.O, Namsa B.O, Yannu B.O",+91 82975 39279,N/A,4.8,26.0,"Musheerabad, Bholakpur, Kavadiguda, Hyderabad, Telangana 500020","Musheerabad, Bholakpur, Kavadiguda",17.4207177,78.498635,ChIJ3fsksdWZyzsRUIkZnN5kyrw,https://www.google.com/maps/place/?q=place_id:ChIJ3fsksdWZyzsRUIkZnN5kyrw,part_373,2026-09-20 20:24:01,26558
Karnataka Scrap Shop,Scrap Dealer and Raddi Wholesaler,Scrap metal dealer,Scrap metal dealer,798602,North Eastern Circle,North Eastern Region,Nagaland Division,"Tizit S.O, Namsa B.O, Yannu B.O",N/A,N/A,5.0,1.0,"8RP5+VPH, opp. Hussain Cold Storage, MSK Mill Area, Kalaburagi, Karnataka 585103",MSK Mill Area,17.3371949,76.8093444,ChIJAQAAQLC4yDsRCJIPwEO27QU,https://www.google.com/maps/place/?q=place_id:ChIJAQAAQLC4yDsRCJIPwEO27QU,part_373,2026-09-20 20:24:02,26559
SB.Enterprises scrap buyers in hyderabad,Scrap Dealer and Raddi Wholesaler,Scrap metal dealer,"Scrap metal dealer, Salvage yard, Kabadiwala & Scrap Merchant, Used furniture store",798603,North Eastern Circle,North Eastern Region,Nagaland Division,"Champang S.O, Angphang B.O, Chenloisho B.O",+91 95420 50303,https://scrapsbuyers.com/,5.0,,"1-4-736/4/A, Musheerabad, Bholakpur, Kavadiguda, Hyderabad, Telangana 500020","Musheerabad, Bholakpur, Kavadiguda",17.4182022,78.4982313,ChIJZU4kT6eZyzsRRQTF3K5FGW8,https://www.google.com/maps/place/?q=place_id:ChIJZU4kT6eZyzsRRQTF3K5FGW8,part_373,2026-09-20 20:24:36,29011
Rishi Old Paper & Metal Mart,Scrap Dealer and Raddi Wholesaler,Scrap metal dealer,Scrap metal dealer,798603,North Eastern Circle,North Eastern Region,Nagaland Division,"Champang S.O, Angphang B.O, Chenloisho B.O",+91 99673 37527,N/A,4.5,,"Shop No. 1, Swiss Corner, Y-5, Shastri Nagar Road 1, near Lokhandwala Circle, Lokhandwala Complex, Andheri West, Mumbai, Maharashtra 400053","Lokhandwala Complex, Andheri West",19.1408314,72.8263394,ChIJXSdikBe25zsRBTnzMkGQbiI,https://www.google.com/maps/place/?q=place_id:ChIJXSdikBe25zsRBTnzMkGQbiI,part_373,2026-09-20 20:24:37,29012
GLOBAL TRADERS - SCRAP BUYERS IN HYDERABAD TELANGANA,Scrap Dealer and Raddi Wholesaler,Scrap metal dealer,"Scrap metal dealer, Kabadiwala & Scrap Merchant",798604,North Eastern Circle,North Eastern Region,Nagaland Division,"Mongkholemba S.O, Alungkima B.O, Alungtaki B.O",+91 98487 61708,http://scrapbuyersshyderabad.com/,4.2,29.0,"H no : 1, 5-90, New Bakaram, Musheerabad, Bholakpur, Kavadiguda, Hyderabad, Telangana 500020","New Bakaram, Musheerabad, Bholakpur, Kavadiguda",17.4152401,78.4893663,ChIJH2T6dq6ZyzsRB_sTPLTLO3k,https://www.google.com/maps/place/?q=place_id:ChIJH2T6dq6ZyzsRB_sTPLTLO3k,part_373,2026-09-20 20:25:14,30980
Hind Steel Mart,Scrap Dealer and Raddi Wholesaler,Scrap metal dealer,Scrap metal dealer,798604,North Eastern Circle,North Eastern Region,Nagaland Division,"Mongkholemba S.O, Alungkima B.O, Alungtaki B.O",+91 94226 91330,N/A,5.0,1.0,"Old, kupwad Miraj road, near saba traders, Sangli, Sangli Miraj Kupwad, Maharashtra 416416",Sangli,16.8589022,74.6244241,ChIJwwQf7JUjwTsRUhFS1r7JZLM,https://www.google.com/maps/place/?q=place_id:ChIJwwQf7JUjwTsRUhFS1r7JZLM,part_373,2026-09-20 20:25:14,30981
RECYCLE BAZZAR,Scrap Dealer and Raddi Wholesaler,Scrap metal dealer,"Scrap metal dealer, Recycling center",798612,North Eastern Circle,North Eastern Region,Nagaland Division,"Tuensang S.O, Yangpi B.O, Noksen B.O",N/A,https://recyclebazzar.com/,4.6,,"Keating Rd, Secretariat Hills, Shillong, Meghalaya 793001",Secretariat Hills,25.5748616,91.88244519999999,ChIJ5fjJ08sWya4RuV7SUsQtGsc,https://www.google.com/maps/place/?q=place_id:ChIJ5fjJ08sWya4RuV7SUsQtGsc,part_373,2026-09-20 20:27:00,38582
RONGGHAR SCRAP,Scrap Dealer and Raddi Wholesaler,Salvage yard,Salvage yard,798612,North Eastern Circle,North Eastern Region,Nagaland Division,"Tuensang S.O, Yangpi B.O, Noksen B.O",N/A,N/A,5.0,,"DUBARANIALI, RONGGHAR, Chariali, Assam 785640",798612,26.969572099999997,94.6249478,ChIJr3EnMO8xRzcRB_e_OPZOLqg,https://www.google.com/maps/place/?q=place_id:ChIJr3EnMO8xRzcRB_e_OPZOLqg,part_373,2026-09-20 20:27:00,38583
RaddiFinder Services,Scrap Dealer and Raddi Wholesaler,Kabadiwala & Scrap Merchant,Kabadiwala & Scrap Merchant,798612,North Eastern Circle,North Eastern Region,Nagaland Division,"Tuensang S.O, Yangpi B.O, Noksen B.O",+91 75087 77005,https://raddifinder.com/,4.7,15.0,"plot number 30, street number 3, krishna enclave, Sahibzada Ajit Singh Nagar, Jhampur, Punjab 160014",krishna enclave,30.7682392,76.7076556,ChIJg7AOXS7xDzkRJifn7C7mKQo,https://www.google.com/maps/place/?q=place_id:ChIJg7AOXS7xDzkRJifn7C7mKQo,part_373,2026-09-20 20:27:01,38584
kabadigo | Moroliya Scrap Venture Pvt. Ltd.,Scrap Dealer and Raddi Wholesaler,Kabadiwala & Scrap Merchant,Kabadiwala & Scrap Merchant,798612,North Eastern Circle,North Eastern Region,Nagaland Division,"Tuensang S.O, Yangpi B.O, Noksen B.O",+91 91799 38991,https://www.kabadigo.com/,4.7,75.0,"Bhagwan Devi, Park Mohalla, Bhind, Madhya Pradesh 477001",Park Mohalla,26.565120099999998,78.7913706,ChIJ48MzZTl7djkRm3fAe6-DoD0,https://www.google.com/maps/place/?q=place_id:ChIJ48MzZTl7djkRm3fAe6-DoD0,part_373,2026-09-20 20:27:01,38585
Bangalore MART Inc,Scrap Dealer and Raddi Wholesaler,Waste management service,"Waste management service, Garbage collection service, Industrial supermarket, Recycling center, Salvage yard, Kabadiwala & Scrap Merchant",798612,North Eastern Circle,North Eastern Region,Nagaland Division,"Tuensang S.O, Yangpi B.O, Noksen B.O",+91 99455 55585,https://bangaloremart.in/,3.6,38.0,"4th Cross St, ITI Colony, Muddamma Garden Extension, Benson Town, Bengaluru, Karnataka 560046","ITI Colony, Muddamma Garden Extension, Benson Town",13.0065032,77.6042825,ChIJuaPHRFcWrjsRhGlU2uS0-G4,https://www.google.com/maps/place/?q=place_id:ChIJuaPHRFcWrjsRhGlU2uS0-G4,part_373,2026-09-20 20:27:01,38586
ScrapUncle - The Online Kabadiwala,Scrap Dealer and Raddi Wholesaler,Waste management service,Waste management service,798612,North Eastern Circle,North Eastern Region,Nagaland Division,"Tuensang S.O, Yangpi B.O, Noksen B.O",+91 97735 98346,https://scrapuncle.com/,4.3,1353.0,"Swapeco Solutions Private Limited, IIIT Delhi Incubation Center, Okhla Phase III, Okhla Industrial Estate, New Delhi, Delhi 110020","Okhla Phase III, Okhla Industrial Estate",28.5462743,77.27344889999999,ChIJIV237bjjDDkRx0G41-7Pvvk,https://www.google.com/maps/place/?q=place_id:ChIJIV237bjjDDkRx0G41-7Pvvk,part_373,2026-09-20 20:27:01,38587
Smart scrap master,Scrap Dealer and Raddi Wholesaler,Waste management service,"Waste management service, Service establishment",798612,North Eastern Circle,North Eastern Region,Nagaland Division,"Tuensang S.O, Yangpi B.O, Noksen B.O",N/A,https://www.smartscrapmaster.com/,,,"Smart scrap master, 798612, India",798612,27.547535,94.611735,ChIJJyAzOzs2t6sRYM7zBiHwxYc,https://www.google.com/maps/place/?q=place_id:ChIJJyAzOzs2t6sRYM7zBiHwxYc,part_373,2026-09-20 20:27:01,38588
Buy and Sell Scraps,Scrap Dealer and Raddi Wholesaler,Scrap metal dealer,Scrap metal dealer,798612,North Eastern Circle,North Eastern Region,Nagaland Division,"Tuensang S.O, Yangpi B.O, Noksen B.O",N/A,N/A,5.0,1.0,"PXFJ+2QQ, Shillong Bypass Rd, Nongrah Umroi, Meghalaya 793104",798612,25.72222,91.98223949999999,ChIJg65i2G6DWjcRkHVGc58TCb8,https://www.google.com/maps/place/?q=place_id:ChIJg65i2G6DWjcRkHVGc58TCb8,part_373,2026-09-20 20:27:01,38589
Scrap Buyers in Bangalore,Scrap Dealer and Raddi Wholesaler,Kabadiwala & Scrap Merchant,"Kabadiwala & Scrap Merchant, Furniture store, Home goods store, Warehouse",798613,North Eastern Circle,North Eastern Region,Nagaland Division,"Chantongia S.O, Yaongyimsen B.O",+91 95917 12557,http://bangalore-scrap.blogspot.com/,3.4,13.0,"12, 4th Cross St, Mudamma Garden, Munimarappa Garden, Chinnapa Garden, Benson Town, Bengaluru, Karnataka 560006","Mudamma Garden, Munimarappa Garden, Chinnapa Garden, Benson Town",13.0065444,77.604291,ChIJqVPZFVcWrjsR9ik538ZiJuw,https://www.google.com/maps/place/?q=place_id:ChIJqVPZFVcWrjsR9ik538ZiJuw,part_373,2026-09-20 20:27:36,39797
HITECH TRADERS SCRAP BUYER IN HYDERABAD,Scrap Dealer and Raddi Wholesaler,Scrap metal dealer,"Scrap metal dealer, Kabadiwala & Scrap Merchant",798613,North Eastern Circle,North Eastern Region,Nagaland Division,"Chantongia S.O, Yaongyimsen B.O",+91 93928 70504,https://hitech-traders-scrap.grexa.site/,5.0,,"6-6-426/122, Bansilalpet, Bhoiguda, Secunderabad, Telangana 500003","Bansilalpet, Bhoiguda",17.4278084,78.49410739999999,ChIJR9U3mWCZyzsRoSXThj7Xv_A,https://www.google.com/maps/place/?q=place_id:ChIJR9U3mWCZyzsRoSXThj7Xv_A,part_373,2026-09-20 20:27:37,39798
Rafik scrap shop,Scrap Dealer and Raddi Wholesaler,Kabadiwala & Scrap Merchant,Kabadiwala & Scrap Merchant,798614,North Eastern Circle,North Eastern Region,Nagaland Division,"Chuchuyimlang S.O, Phangsang B.O, Longkong B.O",+91 96415 94427,https://www.instagram.com/rafikahmadkhan?igsh=ajJqa2d3Nmh4d2t2,4.8,54.0,"rail gate, biswas colony, Matigara, Siliguri, West Bengal 734010",798614,26.7207102,88.39025319999999,ChIJgQ0xuH5H5DkRBoUP_gHHr5E,https://www.google.com/maps/place/?q=place_id:ChIJgQ0xuH5H5DkRBoUP_gHHr5E,part_373,2026-09-20 20:28:11,40793
Scrap Bazar,Scrap Dealer and Raddi Wholesaler,Kabadiwala & Scrap Merchant,Kabadiwala & Scrap Merchant,798614,North Eastern Circle,North Eastern Region,Nagaland Division,"Chuchuyimlang S.O, Phangsang B.O, Longkong B.O",+91 74618 91986,N/A,5.0,1.0,"2 Floor, Chirysthar Gali 1 Kankarbar Main Road, Madanlal, Jain Gali, Kankarbagh, Patna, Bihar 800020",Kankarbagh,25.5906572,85.1535944,ChIJH5_QMxJZ7TkRhAHB-Mbez-o,https://www.google.com/maps/place/?q=place_id:ChIJH5_QMxJZ7TkRhAHB-Mbez-o,part_373,2026-09-20 20:28:11,40794
National scrap,Scrap Dealer and Raddi Wholesaler,Junkyard,Junkyard,798614,North Eastern Circle,North Eastern Region,Nagaland Division,"Chuchuyimlang S.O, Phangsang B.O, Longkong B.O",+91 90353 83562,N/A,4.6,11.0,"Kakati P b road, Kakati, Kakathi, Karnataka 591113",Kakati,15.9366901,74.5259927,ChIJ27Yw9FRhvzsRtyP1uLcMTGM,https://www.google.com/maps/place/?q=place_id:ChIJ27Yw9FRhvzsRtyP1uLcMTGM,part_373,2026-09-20 20:28:11,40795
Zubayr Scrap merchant,Scrap Dealer and Raddi Wholesaler,Scrap metal dealer,Scrap metal dealer,798614,North Eastern Circle,North Eastern Region,Nagaland Division,"Chuchuyimlang S.O, Phangsang B.O, Longkong B.O",+91 87478 67188,N/A,5.0,12.0,"near markaz, Aman Nagar, Belagavi, Karnataka 590016",Aman Nagar,15.861261899999999,74.5424477,ChIJ5driOGZnvzsRgO2zAWF2kzk,https://www.google.com/maps/place/?q=place_id:ChIJ5driOGZnvzsRgO2zAWF2kzk,part_373,2026-09-20 20:28:11,40796
Shri S R trading,Scrap Dealer and Raddi Wholesaler,Recycling center,Recycling center,798614,North Eastern Circle,North Eastern Region,Nagaland Division,"Chuchuyimlang S.O, Phangsang B.O, Longkong B.O",N/A,N/A,5.0,1.0,"1491, Konda Oal Rd, Kavlapur, Kolhapur, Maharashtra 416002",Kavlapur,16.6999131,74.2281537,ChIJAxOfnqoBwTsRULOdpiUWs4U,https://www.google.com/maps/place/?q=place_id:ChIJAxOfnqoBwTsRULOdpiUWs4U,part_373,2026-09-20 20:28:11,40797
Scrap Dealers Bangalore,Scrap Dealer and Raddi Wholesaler,Scrap metal dealer,Scrap metal dealer,798615,North Eastern Circle,North Eastern Region,Nagaland Division,"Impur S.O, Kubulong B.O, Longchang B.O",+91 70908 78064,N/A,4.7,,"#522/2 Al Ameen Manzil 8th Cross Vinayaka Nagar HAL Post Bangalore.560017, 8th Cross Rd, Vinayaka Nagar, Vimanapura, Bengaluru, Karnataka 560017, India, 8th Cross Rd, Vinayaka Nagar, Vimanapura, Bengaluru, Karnataka 560017","Vinayaka Nagar, Vimanapura",12.962938099999999,77.6743688,ChIJHWUCAd0TrjsRfLx7avJj9gE,https://www.google.com/maps/place/?q=place_id:ChIJHWUCAd0TrjsRfLx7avJj9gE,part_373,2026-09-20 20:28:50,45680
Scrap Buyers in Chennai - J.M. Alka Traders,Scrap Dealer and Raddi Wholesaler,Waste management service,"Waste management service, Scrap metal dealer, Second hand store",798615,North Eastern Circle,North Eastern Region,Nagaland Division,"Impur S.O, Kubulong B.O, Longchang B.O",+91 80720 99188,https://www.scrapbuyerschennai.com/,5.0,,"37, 6th St Ext, Lakshmi Nagar, Nanganallur, Chennai, Tamil Nadu 600061","Lakshmi Nagar, Nanganallur",12.9773727,80.1904826,ChIJOyr0IYddUjoRPENuyKWBBjY,https://www.google.com/maps/place/?q=place_id:ChIJOyr0IYddUjoRPENuyKWBBjY,part_373,2026-09-20 20:28:50,45681
SS Scrap Buyers in Chennai(Bulk/Iron/Metal),Scrap Dealer and Raddi Wholesaler,Scrap metal dealer,Scrap metal dealer,798615,North Eastern Circle,North Eastern Region,Nagaland Division,"Impur S.O, Kubulong B.O, Longchang B.O",+91 99627 65764,https://ssscrapchennai.in/,4.8,,"22A, Anna Street, Anna Industrial Estate, Valasaravakkam, Chennai, Tamil Nadu 600116","Anna Industrial Estate, Valasaravakkam",13.0496207,80.16020759999999,ChIJOcLD7M9hUjoRSkjdwgPzawU,https://www.google.com/maps/place/?q=place_id:ChIJOcLD7M9hUjoRSkjdwgPzawU,part_373,2026-09-20 20:28:50,45682
Bharat Scrap Traders,Scrap Dealer and Raddi Wholesaler,Scrap metal dealer,"Scrap metal dealer, Demolition contractor, Kabadiwala & Scrap Merchant",798615,North Eastern Circle,North Eastern Region,Nagaland Division,"Impur S.O, Kubulong B.O, Longchang B.O",+91 98796 64458,https://www.bharatscraptraders.online/,5.0,,"Shop No.3, Siddhi Sheri, 13-C, Althan Rd, Uma Bhawan Society, Althan, Surat, Gujarat 395017","Uma Bhawan Society, Althan",21.15973,72.8109948,ChIJJwNd5FFP4DsRl6Q1NnTc73Y,https://www.google.com/maps/place/?q=place_id:ChIJJwNd5FFP4DsRl6Q1NnTc73Y,part_373,2026-09-20 20:28:50,45683
Hindustan scrap traders,Scrap Dealer and Raddi Wholesaler,Scrap metal dealer,Scrap metal dealer,798615,North Eastern Circle,North Eastern Region,Nagaland Division,"Impur S.O, Kubulong B.O, Longchang B.O",+91 97641 62420,http://hindustanscraptraders.in/,5.0,,"vadoli pollba, Wada Bhiwandi road, Vadoli, Kharivali Tarf Poulbar, Maharashtra 421312",798615,19.5185872,73.0970282,ChIJg9NB8qyf5zsROcnXp0kni9g,https://www.google.com/maps/place/?q=place_id:ChIJg9NB8qyf5zsROcnXp0kni9g,part_373,2026-09-20 20:28:50,45684
Scrap Buyers,Scrap Dealer and Raddi Wholesaler,Scrap metal dealer,Scrap metal dealer,798615,North Eastern Circle,North Eastern Region,Nagaland Division,"Impur S.O, Kubulong B.O, Longchang B.O",+91 98844 98499,N/A,4.7,,"3,Thiruvalluvar nagar, Burma Colony, Kandhanchavadi, Chennai, Tamil Nadu 600096","Burma Colony, Kandhanchavadi, Perungudi",12.9634396,80.24732449999999,ChIJsfJZuEtdUjoR8FsVdVepFpo,https://www.google.com/maps/place/?q=place_id:ChIJsfJZuEtdUjoR8FsVdVepFpo,part_373,2026-09-20 20:28:50,45685
R.G Scrap kabadi,Scrap Dealer and Raddi Wholesaler,Kabadiwala & Scrap Merchant,Kabadiwala & Scrap Merchant,798615,North Eastern Circle,North Eastern Region,Nagaland Division,"Impur S.O, Kubulong B.O, Longchang B.O",+91 86790 54753,https://www.rgscrapkabadi.in/,5.0,8.0,"268, Badshahpur Sohna Rd, Islampur Village, Sector 38, Gurugram, Haryana 122018","Islampur Village, Sector 38",28.438606999999998,77.0357777,ChIJw1m8zSoZDTkRzTYH0GdCbsM,https://www.google.com/maps/place/?q=place_id:ChIJw1m8zSoZDTkRzTYH0GdCbsM,part_373,2026-09-20 20:28:51,45686
scrap kabadi,Scrap Dealer and Raddi Wholesaler,Scrap metal dealer,Scrap metal dealer,798615,North Eastern Circle,North Eastern Region,Nagaland Division,"Impur S.O, Kubulong B.O, Longchang B.O",+91 93540 35453,https://scrapkabadi.co.in/,4.5,31.0,"Near, Airforce Station Sohna Rd, Islampur Village, Sector 38, Gurugram, Haryana 122018","Islampur Village, Sector 38",28.438543499999998,77.0349596,ChIJY2atKXJ86KwRfwrrJqM9kkI,https://www.google.com/maps/place/?q=place_id:ChIJY2atKXJ86KwRfwrrJqM9kkI,part_373,2026-09-20 20:28:51,45687
GURGAON NCR KABADIWALA,Scrap Dealer and Raddi Wholesaler,Kabadiwala & Scrap Merchant,Kabadiwala & Scrap Merchant,798615,North Eastern Circle,North Eastern Region,Nagaland Division,"Impur S.O, Kubulong B.O, Longchang B.O",+91 73037 74921,https://www.gurgaonkabadiwala.com/,5.0,22.0,"Shop no 2, near Sushant Lok Road, Phase 2, Sushant Lok Phase I, phase1, Gurugram, Haryana 122002","Phase 2, Sushant Lok Phase I, phase1",28.4658731,77.07751449999999,ChIJ4R88tMsZDTkRyLmys5XXD38,https://www.google.com/maps/place/?q=place_id:ChIJ4R88tMsZDTkRyLmys5XXD38,part_373,2026-09-20 20:28:51,45688
HN Scrap Buyer,Scrap Dealer and Raddi Wholesaler,Scrap metal dealer,Scrap metal dealer,798615,North Eastern Circle,North Eastern Region,Nagaland Division,"Impur S.O, Kubulong B.O, Longchang B.O",+91 96203 68488,N/A,5.0,71.0,"507, behind Ayesha masjid, Mangammanapalya, Bengaluru, Karnataka 560068",Mangammanapalya,12.9049467,77.6356892,ChIJjZe5YfgVrjsR0bxw62rKaI4,https://www.google.com/maps/place/?q=place_id:ChIJjZe5YfgVrjsR0bxw62rKaI4,part_373,2026-09-20 20:28:51,45689
KABHADI-Recycling & Waste Management,Scrap Dealer and Raddi Wholesaler,Kabadiwala & Scrap Merchant,Kabadiwala & Scrap Merchant,798615,North Eastern Circle,North Eastern Region,Nagaland Division,"Impur S.O, Kubulong B.O, Longchang B.O",+91 88260 19289,http://www.kabhadi.com/,4.8,79.0,"Tyagi Market, Prem Nagar, Dehradun, Shahpur Santore, Uttarakhand 248007","Tyagi Market, Prem Nagar",30.3354206,77.9631574,ChIJAQAA0IIqCTkRD52dp-TfYdI,https://www.google.com/maps/place/?q=place_id:ChIJAQAA0IIqCTkRD52dp-TfYdI,part_373,2026-09-20 20:28:51,45690
Kay Sons Inc | Scrap Buyers in Bangalore | Car Scrap Buyers in Bangalore | Industrial Scrap Buyers in Bangalore,Scrap Dealer and Raddi Wholesaler,Scrap metal dealer,"Scrap metal dealer, Auto wrecker, Demolition contractor, Salvage yard",798615,North Eastern Circle,North Eastern Region,Nagaland Division,"Impur S.O, Kubulong B.O, Longchang B.O",+91 98867 42242,http://www.qaswainc.com/,4.9,236.0,"145, 1st Main, 5th Cross Rd, Jaya Nagar 1st Block, Someshwara Nagar, Bengaluru, Karnataka 560011","Jaya Nagar 1st Block, Someshwara Nagar, Jayanagar",12.942431599999999,77.59162599999999,ChIJe9VVIOoVrjsRpJ00zzNtt4w,https://www.google.com/maps/place/?q=place_id:ChIJe9VVIOoVrjsRpJ00zzNtt4w,part_373,2026-09-20 20:28:51,45691
"Sri Nanjundeshwara Scrap Buyers and Dealers, Bengaluru, Karnataka",Scrap Dealer and Raddi Wholesaler,Scrap metal dealer,"Scrap metal dealer, Garbage collection service, Garbage dump, Recycling center, Recycling drop-off location, Salvage yard, Kabadiwala & Scrap Merchant, Waste transfer station",798615,North Eastern Circle,North Eastern Region,Nagaland Division,"Impur S.O, Kubulong B.O, Longchang B.O",+91 99000 82489,N/A,5.0,257.0,"54, 3rd Cross, Magadi Rd, NR Garden, Cholur Palya, Bengaluru, Karnataka 560023","NR Garden, Cholur Palya, Vijayanagar",12.971895,77.5482878,ChIJD--YhvQ9rjsRbpWYQ9RmCDw,https://www.google.com/maps/place/?q=place_id:ChIJD--YhvQ9rjsRbpWYQ9RmCDw,part_373,2026-09-20 20:28:51,45692
Bangalore Scrap Traders - Scrap Buyers in Bangalore,Scrap Dealer and Raddi Wholesaler,Scrap metal dealer,"Scrap metal dealer, Kabadiwala & Scrap Merchant",798615,North Eastern Circle,North Eastern Region,Nagaland Division,"Impur S.O, Kubulong B.O, Longchang B.O",+91 98450 11162,https://bangalorescraptraders.com/,4.8,32.0,"95, 11th Cross Rd, Jaya Nagar 1st Block, Someshwara Nagar, Jayanagar, Bengaluru, Karnataka 560011","Jaya Nagar 1st Block, Someshwara Nagar, Jayanagar",12.9436998,77.5939434,ChIJb3A3-2IVrjsR0XijAam26Fs,https://www.google.com/maps/place/?q=place_id:ChIJb3A3-2IVrjsR0XijAam26Fs,part_373,2026-09-20 20:28:51,45693
MAHADEV SCRAP & DEMOLITION,Scrap Dealer and Raddi Wholesaler,Scrap metal dealer,Scrap metal dealer,798615,North Eastern Circle,North Eastern Region,Nagaland Division,"Impur S.O, Kubulong B.O, Longchang B.O",+91 99748 19528,http://mahadevscrap.com/,4.9,108.0,"TIRUPATI BALAJI FLATES, opp. chainagate 1, Vasant Vihar Society, New City Light, Althan, Surat, Gujarat 395017","Vasant Vihar Society, New City Light, Althan",21.155566999999998,72.8009544,ChIJw2Qg9AFN4DsR79Thjv7TTAk,https://www.google.com/maps/place/?q=place_id:ChIJw2Qg9AFN4DsR79Thjv7TTAk,part_373,2026-09-20 20:28:51,45694
New Kabadiwala,Scrap Dealer and Raddi Wholesaler,Scrap metal dealer,"Scrap metal dealer, Kabadiwala & Scrap Merchant",798615,North Eastern Circle,North Eastern Region,Nagaland Division,"Impur S.O, Kubulong B.O, Longchang B.O",+91 97171 10942,N/A,4.5,50.0,"Road, Omaxe Heights Rd, Budena Village, Sector 86, Tigaon, Faridabad, Haryana 121007","Budena Village, Sector 86",28.4017794,77.3449713,ChIJC4Tm1S7cDDkRt-edwEHktIc,https://www.google.com/maps/place/?q=place_id:ChIJC4Tm1S7cDDkRt-edwEHktIc,part_373,2026-09-20 20:28:51,45695
Scraphut,Scrap Dealer and Raddi Wholesaler,Scrap metal dealer,"Scrap metal dealer, Salvage yard",798615,North Eastern Circle,North Eastern Region,Nagaland Division,"Impur S.O, Kubulong B.O, Longchang B.O",+91 98856 77196,https://scraphut.in/,5.0,,"16-1-24/137/2RT, Kranthi Nagar, Saidabad, Hyderabad, Telangana 500059","Kranthi Nagar, Saidabad",17.3592174,78.51112669999999,ChIJAb6d5OyZyzsRkTdZzTRLzMY,https://www.google.com/maps/place/?q=place_id:ChIJAb6d5OyZyzsRkTdZzTRLzMY,part_373,2026-09-20 20:28:52,45696
Sk demolition & scrap dealer,Scrap Dealer and Raddi Wholesaler,Demolition contractor,"Demolition contractor, Scrap metal dealer",798615,North Eastern Circle,North Eastern Region,Nagaland Division,"Impur S.O, Kubulong B.O, Longchang B.O",+91 81414 34718,http://www.skdemolitionsurat.com/http,4.9,,"bhatar rasula baad gali no.12, Gujarat 395017","Azad Nagar Slums, Azad Nagar, Althan",21.150397599999998,72.8112412,ChIJU6ANFTBR4DsRpoU3VjXCJxA,https://www.google.com/maps/place/?q=place_id:ChIJU6ANFTBR4DsRpoU3VjXCJxA,part_373,2026-09-20 20:28:52,45697
Maruti Scrap,Scrap Dealer and Raddi Wholesaler,Scrap metal dealer,"Scrap metal dealer, Iron & Steel Store, Kabadiwala & Scrap Merchant, Waste management service",798615,North Eastern Circle,North Eastern Region,Nagaland Division,"Impur S.O, Kubulong B.O, Longchang B.O",+91 90333 30659,N/A,4.7,,"Shop No.23/27/28 Sameshwar Kuber Nagar Road, Lambe Hanuman Rd, Matavadi, Dahya Park Society, Varachha, Surat, Gujarat 395006","Matavadi, Varsha Society 1, Dahya Park Society, Varachha",21.205655999999998,72.857529,ChIJf8c-1QZP4DsRI-wC4VhGAbs,https://www.google.com/maps/place/?q=place_id:ChIJf8c-1QZP4DsRI-wC4VhGAbs,part_373,2026-09-20 20:28:52,45698
S.K. Trading Co. (S.K. Metals),Scrap Dealer and Raddi Wholesaler,Recycling center,"Recycling center, Service establishment, Salvage yard, Scrap metal dealer, Waste management service",798615,North Eastern Circle,North Eastern Region,Nagaland Division,"Impur S.O, Kubulong B.O, Longchang B.O",+91 90135 33003,https://skscrap.com/,4.8,,"S.K. Trading Co. (S.K. Metals), 798615, India",798615,21.0680074,82.7525294,ChIJedlyWo7-DDkRMJZxsCsUKE0,https://www.google.com/maps/place/?q=place_id:ChIJedlyWo7-DDkRMJZxsCsUKE0,part_373,2026-09-20 20:28:53,45699
SG traders waste paper ( raddi),Scrap Dealer and Raddi Wholesaler,Kabadiwala & Scrap Merchant,Kabadiwala & Scrap Merchant,798615,North Eastern Circle,North Eastern Region,Nagaland Division,"Impur S.O, Kubulong B.O, Longchang B.O",+91 63077 18640,N/A,,,"Barra Bypass Rd, near orient hospital, Damodar Nagar, Kanpur, Uttar Pradesh 208027",Damodar Nagar,26.424841699999998,80.30906499999999,ChIJZ4sSoDpHnDkRWwSHRNoBQvo,https://www.google.com/maps/place/?q=place_id:ChIJZ4sSoDpHnDkRWwSHRNoBQvo,part_373,2026-09-20 20:28:53,45700
Scrap buyer in Telangana,Scrap Dealer and Raddi Wholesaler,Scrap metal dealer,"Scrap metal dealer, Kabadiwala & Scrap Merchant",798615,North Eastern Circle,North Eastern Region,Nagaland Division,"Impur S.O, Kubulong B.O, Longchang B.O",N/A,N/A,5.0,,"1-7-833/4, Fish Market Rd, Mohan Nagar, Ram Nagar, Hyderabad, Telangana 500020","Mohan Nagar, Ram Nagar",17.4147311,78.5042611,ChIJnQj1A4mlhyoR0mwcKT5Zz4g,https://www.google.com/maps/place/?q=place_id:ChIJnQj1A4mlhyoR0mwcKT5Zz4g,part_373,2026-09-20 20:28:53,45701
Jaipur Old Scrap Buyers,Scrap Dealer and Raddi Wholesaler,Scrap metal dealer,"Scrap metal dealer, Garbage dump, Household goods wholesaler, Office furniture store, Salvage yard, Kabadiwala & Scrap Merchant, Second hand store, Used appliance store, Used furniture store, Used office furniture store",798616,North Eastern Circle,North Eastern Region,Nagaland Division,"Longkhim S.O, Angangba B.O, Chimonger B.O",+91 83069 11054,https://jaipuroldscrapbuyer.com/,4.7,,"32 New Defence Welcome Colony, Khatipura Rd, Hatwara, Lakshmi Nagar, Jaipur, Jaipur Nagar Nigam Area, Rajasthan 302006","Hatwara, Lakshmi Nagar",26.9163924,75.7692885,ChIJGyc9UyO1bTkRLJ-xtCDZur8,https://www.google.com/maps/place/?q=place_id:ChIJGyc9UyO1bTkRLJ-xtCDZur8,part_373,2026-09-20 20:29:30,48387
sana scrap traders,Scrap Dealer and Raddi Wholesaler,Scrap metal dealer,Scrap metal dealer,798616,North Eastern Circle,North Eastern Region,Nagaland Division,"Longkhim S.O, Angangba B.O, Chimonger B.O",+91 98920 32865,https://sanascraptraders.netlify.app/,4.7,,"ground floor 77/81 , shop no 3 municipal tenament, Sukhlaji Marg, Mumbai Central, Mumbai, Maharashtra 400008","Navjeevan Society, Dalal Estate, Mumbai Central",18.966402199999997,72.8249653,ChIJob15OtrP5zsR5rjvnK5DucU,https://www.google.com/maps/place/?q=place_id:ChIJob15OtrP5zsR5rjvnK5DucU,part_373,2026-09-20 20:29:31,48388
Alok Scrap Traders,Scrap Dealer and Raddi Wholesaler,Scrap metal dealer,"Scrap metal dealer, Air conditioning store, Battery Store, Demolition contractor, Garbage dump, Glass merchant, Recycling center, Salvage yard, Kabadiwala & Scrap Merchant, Used office furniture store",798616,North Eastern Circle,North Eastern Region,Nagaland Division,"Longkhim S.O, Angangba B.O, Chimonger B.O",+91 98199 01699,https://alok-scrap-traders.grexa.site/,4.9,,"near Satra Plaza, Sector 19C, APMC Market 1, Vashi, Navi Mumbai, Maharashtra 400705","Sector 19C, APMC Market 1, Vashi",19.0803907,73.005354,ChIJB_9KbTrB5zsR6cqOPL8vMG0,https://www.google.com/maps/place/?q=place_id:ChIJB_9KbTrB5zsR6cqOPL8vMG0,part_373,2026-09-20 20:29:31,48389
Hindustan Scrap Dealer,Scrap Dealer and Raddi Wholesaler,Scrap metal dealer,"Scrap metal dealer, Salvage yard, Kabadiwala & Scrap Merchant, Waste management service",798616,North Eastern Circle,North Eastern Region,Nagaland Division,"Longkhim S.O, Angangba B.O, Chimonger B.O",+91 98198 22795,https://hindustan-scrap-metal.grexa.site/,4.9,,"Shop no.4, mendies House, Marve Rd, opp. infant church, Malad, Kharodi Village, Malad West, Mumbai, Maharashtra 400095","Malad, Kharodi Village, Malad West",19.1963358,72.81818299999999,ChIJs39lLwC35zsRur3oTESptAk,https://www.google.com/maps/place/?q=place_id:ChIJs39lLwC35zsRur3oTESptAk,part_373,2026-09-20 20:29:31,48390
Balaji Best Kabadi Wala Jaipur,Scrap Dealer and Raddi Wholesaler,Kabadiwala & Scrap Merchant,Kabadiwala & Scrap Merchant,798619,North Eastern Circle,North Eastern Region,Nagaland Division,Asukuto B.O,+91 95097 52549,https://balajibestkabadiwala.in/,4.7,,"Amrapali Circle, Vaishali Nagar, Jaipur, Jaipur Nagar Nigam Area, Rajasthan 302021","Amrapali Circle, Vaishali Nagar",26.9139852,75.75571889999999,ChIJ8_j0UoC1bTkRt7iJ1hswKEc,https://www.google.com/maps/place/?q=place_id:ChIJ8_j0UoC1bTkRt7iJ1hswKEc,part_373,2026-09-20 20:30:45,51589
Bright trading company,Scrap Dealer and Raddi Wholesaler,Kabadiwala & Scrap Merchant,Kabadiwala & Scrap Merchant,798619,North Eastern Circle,North Eastern Region,Nagaland Division,Asukuto B.O,+91 95299 04880,N/A,5.0,,"Near 220, K V powerhouse, Bhiwadi, Rajasthan 301019",798619,28.190268399999997,76.864291,ChIJ-cuc1YI3DTkRIIr2XsiMvQw,https://www.google.com/maps/place/?q=place_id:ChIJ-cuc1YI3DTkRIIr2XsiMvQw,part_373,2026-09-20 20:30:45,51590
Gupta Ji Old Scrap Buyer (Metal Iron Furniture),Scrap Dealer and Raddi Wholesaler,Scrap metal dealer,Scrap metal dealer,798619,North Eastern Circle,North Eastern Region,Nagaland Division,Asukuto B.O,N/A,N/A,5.0,,"Sector 41, Attawa, Chandigarh, 160036","Sector 41, Attawa",30.726898,76.74989049999999,ChIJAQAARM_tDzkR7s_3m_jM2Bs,https://www.google.com/maps/place/?q=place_id:ChIJAQAARM_tDzkR7s_3m_jM2Bs,part_373,2026-09-20 20:30:45,51591
Plastic scrap,Scrap Dealer and Raddi Wholesaler,Telephone company,Telephone company,798619,North Eastern Circle,North Eastern Region,Nagaland Division,Asukuto B.O,N/A,https://abplastics.tradeindia.com/,4.3,,"Tikri kala, Tikri border, Dekhi, Delhi, 110041","Tikri border, Dekhi",28.671279799999997,76.9644593,ChIJMZlukV4PDTkRHzyLqFg_eDc,https://www.google.com/maps/place/?q=place_id:ChIJMZlukV4PDTkRHzyLqFg_eDc,part_373,2026-09-20 20:30:45,51592
CRUSH CARS,Scrap Dealer and Raddi Wholesaler,Recycling center,Recycling center,798619,North Eastern Circle,North Eastern Region,Nagaland Division,Asukuto B.O,+91 98730 00573,http://crushcars.in/,5.0,,"PP Tower, 8th, 2, Netaji Subhash Place, Pitampura, Delhi 110034","Netaji Subhash Place, Pitampura",28.6932847,77.1517999,ChIJq6r6TjMCDTkRJT5cI1Csaq4,https://www.google.com/maps/place/?q=place_id:ChIJq6r6TjMCDTkRJT5cI1Csaq4,part_373,2026-09-20 20:30:45,51593
Attero Recycling Pvt. Ltd.,Scrap Dealer and Raddi Wholesaler,Waste management service,Waste management service,798619,North Eastern Circle,North Eastern Region,Nagaland Division,Asukuto B.O,+91 1800 102 9882,https://www.attero.in/?utm_source=google&utm_medium=organic&utm_campaign=gmb,4.3,,"A-72A, Block A, Sector 64, Noida, Uttar Pradesh 201301","Block A, Sector 64",28.6115945,77.3744988,ChIJa0dO6FHkDDkR6253s_pI8gQ,https://www.google.com/maps/place/?q=place_id:ChIJa0dO6FHkDDkR6253s_pI8gQ,part_373,2026-09-20 20:30:45,51594
Tata Rewire JMPL,Scrap Dealer and Raddi Wholesaler,Scrap metal dealer,"Scrap metal dealer, Auto parts store, Manufacturer",798619,North Eastern Circle,North Eastern Region,Nagaland Division,Asukuto B.O,+91 85959 57295,https://joharmotor.com/,4.8,,"2/2, Mitrol-Deeghot Rd, TEHSIL, Deeghot, HODAL, Haryana 121105",TEHSIL,28.035572499999997,77.3642201,ChIJD2lS9JwtczkRtZPl3QFLlMA,https://www.google.com/maps/place/?q=place_id:ChIJD2lS9JwtczkRtZPl3QFLlMA,part_373,2026-09-20 20:30:45,51595
Carbide scrap buyers,Scrap Dealer and Raddi Wholesaler,Metal supplier,"Metal supplier, Service establishment",798619,North Eastern Circle,North Eastern Region,Nagaland Division,Asukuto B.O,+91 93106 57218,https://carbidescrapbuyers.com/,4.9,,"Carbide scrap buyers, 798619, India",798619,28.6456828,77.1970434,ChIJsYRJxuzxDDkRjPkQGNwZlpg,https://www.google.com/maps/place/?q=place_id:ChIJsYRJxuzxDDkRjPkQGNwZlpg,part_373,2026-09-20 20:30:45,51596
Anand Scraps Dealer,Scrap Dealer and Raddi Wholesaler,Scrap metal dealer,Scrap metal dealer,798620,North Eastern Circle,North Eastern Region,Nagaland Division,"Akuhaito B.O, Zunheboto S.O, Aghunato B.O",+91 62940 84151,N/A,5.0,,"L.M Road, Gangtok, Sikkim 737101",798620,27.3371057,88.6096577,ChIJwy4DBqGl5jkRKt2_BV0uU9A,https://www.google.com/maps/place/?q=place_id:ChIJwy4DBqGl5jkRKt2_BV0uU9A,part_373,2026-09-20 20:31:20,52519
SPL scrap shop,Scrap Dealer and Raddi Wholesaler,Scrap metal dealer,Scrap metal dealer,798620,North Eastern Circle,North Eastern Region,Nagaland Division,"Akuhaito B.O, Zunheboto S.O, Aghunato B.O",N/A,N/A,2.5,,"JPMC+4MR, Andaman Nirman, Sri Vijaya Puram, Andaman and Nicobar Islands 744103",Andaman Nirman,11.633032199999999,92.7218283,ChIJdSa9om-ViDARnxLIbBldWKU,https://www.google.com/maps/place/?q=place_id:ChIJdSa9om-ViDARnxLIbBldWKU,part_373,2026-09-20 20:31:20,52520
"Gurung Scrap Dealer,ISC Area, Trashiling, Gelephu Thromde",Scrap Dealer and Raddi Wholesaler,Scrap metal dealer,Scrap metal dealer,798620,North Eastern Circle,North Eastern Region,Nagaland Division,"Akuhaito B.O, Zunheboto S.O, Aghunato B.O",N/A,N/A,1.0,,"VFJJ+6H, Gelephu, Bhutan",798620,26.880542,90.4814375,ChIJe6hyaJXdWDcRVSE-s8WqHR8,https://www.google.com/maps/place/?q=place_id:ChIJe6hyaJXdWDcRVSE-s8WqHR8,part_373,2026-09-20 20:31:20,52521
FAREHA TRADING,Scrap Dealer and Raddi Wholesaler,Scrap metal dealer,"Scrap metal dealer, Service establishment",798620,North Eastern Circle,North Eastern Region,Nagaland Division,"Akuhaito B.O, Zunheboto S.O, Aghunato B.O",N/A,N/A,,,"FAREHA TRADING, 798620, India",798620,26.7810764,94.2080804,ChIJH4MHQ_bDRjcRDuAz6G1BOCo,https://www.google.com/maps/place/?q=place_id:ChIJH4MHQ_bDRjcRDuAz6G1BOCo,part_373,2026-09-20 20:31:20,52522
Scrap Dealer,Scrap Dealer and Raddi Wholesaler,General store,General store,798620,North Eastern Circle,North Eastern Region,Nagaland Division,"Akuhaito B.O, Zunheboto S.O, Aghunato B.O",+91 60005 73216,N/A,,,"Scrap Dealer, Beldubi, Borokalia Sharsho, Assam 783330",798620,25.9222237,90.0508869,ChIJBc0UmS0JWDcRmo6WTWk8nuk,https://www.google.com/maps/place/?q=place_id:ChIJBc0UmS0JWDcRmo6WTWk8nuk,part_373,2026-09-20 20:31:20,52523
Dikshita Traders,Scrap Dealer and Raddi Wholesaler,Scrap metal dealer,"Scrap metal dealer, Junkyard, Kabadiwala & Scrap Merchant",798621,North Eastern Circle,North Eastern Region,Nagaland Division,"Mon S.O, Chui B.O, Longpong Senghe B.O",+91 86250 08680,N/A,4.8,4.0,"P no 111 mehar nagar wathoda chandmari mandir, Maharashtra 440035",798621,21.1335291,79.1557085,ChIJWbV_DyjH1DsRDIsHDHSvQRM,https://www.google.com/maps/place/?q=place_id:ChIJWbV_DyjH1DsRDIsHDHSvQRM,part_373,2026-09-20 20:31:53,53218
vijay kumar & bros (kabadi shop),Scrap Dealer and Raddi Wholesaler,Scrap metal dealer,Scrap metal dealer,798621,North Eastern Circle,North Eastern Region,Nagaland Division,"Mon S.O, Chui B.O, Longpong Senghe B.O",+91 94696 77195,N/A,5.0,29.0,"Sarwal, Janipur, Jammu, Jammu and Kashmir 180007","Sarwal, Janipur",32.7468277,74.8550751,ChIJVSW6dgCFHjkRI6joyQjtp0I,https://www.google.com/maps/place/?q=place_id:ChIJVSW6dgCFHjkRI6joyQjtp0I,part_373,2026-09-20 20:31:53,53219
Aazam Traders,Scrap Dealer and Raddi Wholesaler,Scrap metal dealer,Scrap metal dealer,798622,North Eastern Circle,North Eastern Region,Nagaland Division,"Naginimora S.O, Baranamsang B.O, Kongon B.O",+91 96863 45072,N/A,4.3,10.0,"1st stage Kapnoor Industrial area, Kalaburagi, Karnataka 585104",Kapnoor,17.3684993,76.8560036,ChIJ5ZI2ACnHyDsRLOrr6r6SS7M,https://www.google.com/maps/place/?q=place_id:ChIJ5ZI2ACnHyDsRLOrr6r6SS7M,part_373,2026-09-20 20:32:29,54284
Rose traders,Scrap Dealer and Raddi Wholesaler,Scrap metal dealer,"Scrap metal dealer, Business center",798625,North Eastern Circle,North Eastern Region,Nagaland Division,"Longleng S.O, Hukpang B.O, Nian B.O",+91 93448 57549,N/A,4.0,,"S.F.NO.361,M.S.NAGAR, Podanur, Tamil Nadu 641023",Thirumarai Nagar,10.969609,76.9698185,ChIJa72yXRpbqDsRbSa9_cOsRpU,https://www.google.com/maps/place/?q=place_id:ChIJa72yXRpbqDsRbSa9_cOsRpU,part_373,2026-09-20 20:33:38,55462
Chandru Traders,Scrap Dealer and Raddi Wholesaler,Scrap metal dealer,Scrap metal dealer,798625,North Eastern Circle,North Eastern Region,Nagaland Division,"Longleng S.O, Hukpang B.O, Nian B.O",+91 96007 84868,http://chandrutraders.great-site.net/,5.0,,"Palaiyur, 1/645/1, village, near Begarahalli, Begarahalli, Tamil Nadu 635205",798625,12.267227,78.1545534,ChIJ_eC2ttc9rDsRTZHIZJx0b38,https://www.google.com/maps/place/?q=place_id:ChIJ_eC2ttc9rDsRTZHIZJx0b38,part_373,2026-09-20 20:33:38,55463
Gulshan Steels Pvt.Ltd.,Scrap Dealer and Raddi Wholesaler,Scrap metal dealer,"Scrap metal dealer, Building materials market, Iron & Steel Store, Kabadiwala & Scrap Merchant, Junk dealer",798625,North Eastern Circle,North Eastern Region,Nagaland Division,"Longleng S.O, Hukpang B.O, Nian B.O",N/A,N/A,5.0,,"First Floor, Raju Complex, Bilaspur Rd, Birgaon, Chhattisgarh 493221",Birgaon,21.434672499999998,81.6692532,ChIJj2CTFtPlKDoRxL6Ku9o5pYQ,https://www.google.com/maps/place/?q=place_id:ChIJj2CTFtPlKDoRxL6Ku9o5pYQ,part_373,2026-09-20 20:33:38,55464
CarBasket Vehicle Scraping Platform,Scrap Dealer and Raddi Wholesaler,Recycling center,"Recycling center, Insurance agency, Junk removal service, E-commerce service, Salvage dealer, Salvage yard, Used auto parts store, Used car dealer, Used motorcycle dealer",798625,North Eastern Circle,North Eastern Region,Nagaland Division,"Longleng S.O, Hukpang B.O, Nian B.O",+91 94435 11500,https://carbasket.in/car-scrap-in-bengaluru,5.0,,"3rd Floor, Outer Ring Rd, above Sangeetha Showroom, KEB Colony, New Gurappana Palya, 1st Stage, BTM 1st Stage, Bengaluru, Karnataka 560029","KEB Colony, New Gurappana Palya, 1st Stage, BTM 1st Stage",12.916812799999999,77.6050245,ChIJY7Vq5uEVrjsRPZKoK60cSUM,https://www.google.com/maps/place/?q=place_id:ChIJY7Vq5uEVrjsRPZKoK60cSUM,part_373,2026-09-20 20:33:39,55465
Dhanalakshmi waste paper mart,Scrap Dealer and Raddi Wholesaler,Gift wrap store,Gift wrap store,798625,North Eastern Circle,North Eastern Region,Nagaland Division,"Longleng S.O, Hukpang B.O, Nian B.O",+91 97878 58005,N/A,4.3,3.0,"222G+4QR, Trichy Rd, near uzhavar sandhai, TNHB Housing Unit, Singanallur, Tamil Nadu 641005",TNHB Housing Unit,11.000351,77.0269005,ChIJo_n-sW5XqDsR6JmI6yz0RNE,https://www.google.com/maps/place/?q=place_id:ChIJo_n-sW5XqDsR6JmI6yz0RNE,part_373,2026-09-20 20:33:39,55466
Dhriti Pali Iron Store,Scrap Dealer and Raddi Wholesaler,Scrap metal dealer,Scrap metal dealer,799001,North Eastern Circle,Shillong HQ Region,Agartala Division,"Agartala H.O, Agartala Bazar S.O, Agartala Court S.O",+91 98627 33826,N/A,,,"Indranagar, Agartala, Tripura 799008",Indranagar,23.870664899999998,91.3131674,ChIJYfL__2vxUzcRAAAAcAKJ9FI,https://www.google.com/maps/place/?q=place_id:ChIJYfL__2vxUzcRAAAAcAKJ9FI,part_373,2026-09-20 20:34:51,59923
Banik Enterprise,Scrap Dealer and Raddi Wholesaler,Wholesaler,Wholesaler,799001,North Eastern Circle,Shillong HQ Region,Agartala Division,"Agartala H.O, Agartala Bazar S.O, Agartala Court S.O",+91 94364 53177,N/A,3.7,3.0,"43, Assam - Agartala Rd, Ujan Abhoynagar, Motorstand, Agartala, Tripura 799001","Ujan Abhoynagar, Motorstand",23.831412999999998,91.28779229999999,ChIJPzcb7Qr0UzcR3BatyB1sbL4,https://www.google.com/maps/place/?q=place_id:ChIJPzcb7Qr0UzcR3BatyB1sbL4,part_373,2026-09-20 20:34:51,59924
Scrap Deal,Scrap Dealer and Raddi Wholesaler,Scrap metal dealer,"Scrap metal dealer, Recycling center, Kabadiwala & Scrap Merchant, Used car dealer, Used computer store, Used office furniture store, Waste management service",799001,North Eastern Circle,Shillong HQ Region,Agartala Division,"Agartala H.O, Agartala Bazar S.O, Agartala Court S.O",+91 81003 34454,https://scrap-deal.grexa.site/,4.7,14.0,"17B, Burdwan Rd, Alipore, Kolkata, West Bengal 700027",Alipore,22.5222598,88.32851149999999,ChIJTQeJWwB3AjoRrSQuSYGFs7E,https://www.google.com/maps/place/?q=place_id:ChIJTQeJWwB3AjoRrSQuSYGFs7E,part_373,2026-09-20 20:34:53,59925
JOY RAM SCRAP SHOP,Scrap Dealer and Raddi Wholesaler,Store,Store,799001,North Eastern Circle,Shillong HQ Region,Agartala Division,"Agartala H.O, Agartala Bazar S.O, Agartala Court S.O",+91 87943 60759,N/A,,,"Assam - Agartala Rd, JIRANIA BLOCK, CHOWMIHANI, Jirania, Tripura 799045","JIRANIA BLOCK, CHOWMIHANI",23.819104,91.44849699999999,ChIJR8-xnXjrUzcR_d8YT1-f7Y0,https://www.google.com/maps/place/?q=place_id:ChIJR8-xnXjrUzcR_d8YT1-f7Y0,part_373,2026-09-20 20:34:53,59926
GS Green Plastic Trading Company,Scrap Dealer and Raddi Wholesaler,Kabadiwala & Scrap Merchant,Kabadiwala & Scrap Merchant,799002,North Eastern Circle,Shillong HQ Region,Agartala Division,"Ramnagar S.O (West Tripura), AgartalaGuard Post B.O, Barjala B.O",+91 95283 48656,N/A,5.0,1.0,"Market A India, ,Golbazar, Shyamali Bazar Rd, 79 Tilla, Agartala, Tripura 799006",79 Tilla,23.8588527,91.2881974,ChIJTVvTXqv2UzcRAtAVNt4TWLE,https://www.google.com/maps/place/?q=place_id:ChIJTVvTXqv2UzcRAtAVNt4TWLE,part_373,2026-09-20 20:35:26,61693
MAA KALI IRON SCRAP CENTER,Scrap Dealer and Raddi Wholesaler,Iron works,"Iron works, Aluminium Supplier, Plastic Injection Molding Workshop, Used book store",799002,North Eastern Circle,Shillong HQ Region,Agartala Division,"Ramnagar S.O (West Tripura), AgartalaGuard Post B.O, Barjala B.O",N/A,N/A,4.8,4.0,"Durai Shibbari, Kamalpur, Halhuli, Tripura 799286",799002,24.1240091,91.81314809999999,ChIJg68zhtbVUzcRZa1gpafjB9Q,https://www.google.com/maps/place/?q=place_id:ChIJg68zhtbVUzcRZa1gpafjB9Q,part_373,2026-09-20 20:35:26,61694
Scraap Recycling /পুরানো লোহা প্লাস্টিক দোকান,Scrap Dealer and Raddi Wholesaler,Kabadiwala & Scrap Merchant,Kabadiwala & Scrap Merchant,799002,North Eastern Circle,Shillong HQ Region,Agartala Division,"Ramnagar S.O (West Tripura), AgartalaGuard Post B.O, Barjala B.O",+91 97745 50731,N/A,5.0,1.0,"Durga Chowmuhani, Ramnagar Road No 10, Ram Nagar, Agartala, Tripura 799002",Ram Nagar,23.844850899999997,91.26941459999999,ChIJYdTM1kP1UzcRl5txwvqvQHA,https://www.google.com/maps/place/?q=place_id:ChIJYdTM1kP1UzcRl5txwvqvQHA,part_373,2026-09-20 20:35:26,61695
Das Enterprise,Scrap Dealer and Raddi Wholesaler,Scrap metal dealer,Scrap metal dealer,799002,North Eastern Circle,Shillong HQ Region,Agartala Division,"Ramnagar S.O (West Tripura), AgartalaGuard Post B.O, Barjala B.O",N/A,N/A,5.0,,"Agartala bypass, Malaynagar Bypass, Agartala, Tripura 799004","Subhash Nagar, Jogendra Nagar",23.8000464,91.3051918,ChIJ4-GY7G7zUzcRhWI-vwfyUkk,https://www.google.com/maps/place/?q=place_id:ChIJ4-GY7G7zUzcRhWI-vwfyUkk,part_373,2026-09-20 20:35:26,61696
S.D. MATEL,Scrap Dealer and Raddi Wholesaler,Scrap metal dealer,Scrap metal dealer,799002,North Eastern Circle,Shillong HQ Region,Agartala Division,"Ramnagar S.O (West Tripura), AgartalaGuard Post B.O, Barjala B.O",+91 90892 45917,N/A,3.3,,"Malaynagar, By-pass Road Near By Ramthakur Ashram Agartala, West Tripura, Pin-799004, Agartala, Tripura 799004","Subhash Nagar, Jogendra Nagar",23.804393599999997,91.3117719,ChIJ5V-U2g3zUzcR8thiBk-nnJU,https://www.google.com/maps/place/?q=place_id:ChIJ5V-U2g3zUzcR8thiBk-nnJU,part_373,2026-09-20 20:35:26,61697
PARAMPITA AGENCY,Scrap Dealer and Raddi Wholesaler,Salvage yard,Salvage yard,799002,North Eastern Circle,Shillong HQ Region,Agartala Division,"Ramnagar S.O (West Tripura), AgartalaGuard Post B.O, Barjala B.O",+91 98621 67612,N/A,4.5,,"Baikhora, Paschim Charakbai, Tripura 799144",799002,23.269710699999997,91.5744182,ChIJ7eDRhmQNUzcR0uWLMeva00U,https://www.google.com/maps/place/?q=place_id:ChIJ7eDRhmQNUzcR0uWLMeva00U,part_373,2026-09-20 20:35:26,61698
Shri Steel Scrap Industries,Scrap Dealer and Raddi Wholesaler,Scrap metal dealer,Scrap metal dealer,799002,North Eastern Circle,Shillong HQ Region,Agartala Division,"Ramnagar S.O (West Tripura), AgartalaGuard Post B.O, Barjala B.O",+91 99274 73148,N/A,4.6,,"GM3F+5G3, Chowk Bazar, Daresi Road, Mathura, Uttar Pradesh 281001",Manoharpura,27.5028942,77.67379849999999,ChIJubdPgHJxczkRcn4_Cj-JIwY,https://www.google.com/maps/place/?q=place_id:ChIJubdPgHJxczkRcn4_Cj-JIwY,part_373,2026-09-20 20:35:26,61699
Saahil Enterprises,Scrap Dealer and Raddi Wholesaler,Scrap metal dealer,Scrap metal dealer,799002,North Eastern Circle,Shillong HQ Region,Agartala Division,"Ramnagar S.O (West Tripura), AgartalaGuard Post B.O, Barjala B.O",+91 70027 89705,N/A,3.0,,"GUWAHATI KABRISTAN MASZID COMPOUND N S ROAD, GHY, Fatasil, Guwahati, Assam 781009","Fatasil, Athgaon",26.1678817,91.7412566,ChIJmze_eo5bWjcRe_DCDWy0teE,https://www.google.com/maps/place/?q=place_id:ChIJmze_eo5bWjcRe_DCDWy0teE,part_373,2026-09-20 20:35:26,61700
M/S P D ENTERPRISE,Scrap Dealer and Raddi Wholesaler,Scrap metal dealer,Scrap metal dealer,799002,North Eastern Circle,Shillong HQ Region,Agartala Division,"Ramnagar S.O (West Tripura), AgartalaGuard Post B.O, Barjala B.O",N/A,N/A,3.7,,"R825+M8M, Shillong - Agartala - Sabroom Rd, Subhash Nagar, Jogendra Nagar, Agartala, Tripura 799004","Subhash Nagar, Jogendra Nagar",23.801704299999997,91.3083056,ChIJIaZ5hVzzUzcRceEj6TuhRVI,https://www.google.com/maps/place/?q=place_id:ChIJIaZ5hVzzUzcRceEj6TuhRVI,part_373,2026-09-20 20:35:26,61701
S.T.S Store,Scrap Dealer and Raddi Wholesaler,Scrap metal dealer,Scrap metal dealer,799002,North Eastern Circle,Shillong HQ Region,Agartala Division,"Ramnagar S.O (West Tripura), AgartalaGuard Post B.O, Barjala B.O",N/A,N/A,5.0,,"R99V+VW9, Mohanpur, Majlishpur, Radhamohanpur, Tripura 799035",Mohanpur,23.8196604,91.3948566,ChIJKbhIeontUzcR8Rdh6H-goFw,https://www.google.com/maps/place/?q=place_id:ChIJKbhIeontUzcR8Rdh6H-goFw,part_373,2026-09-20 20:35:26,61702
M/S New Joy Ram Plastics Enterprises,Scrap Dealer and Raddi Wholesaler,Scrap metal dealer,Scrap metal dealer,799002,North Eastern Circle,Shillong HQ Region,Agartala Division,"Ramnagar S.O (West Tripura), AgartalaGuard Post B.O, Barjala B.O",N/A,N/A,,,"Bishalgarh Byp Rd, Agartala, Bishalgarh, Tripura 799102",799002,23.6971317,91.2756941,ChIJwR-DS7aLUzcRoksrrYJwG8E,https://www.google.com/maps/place/?q=place_id:ChIJwR-DS7aLUzcRoksrrYJwG8E,part_373,2026-09-20 20:35:26,61703
TRIPURA SCRAP CENTRE,Scrap Dealer and Raddi Wholesaler,Manufacturer,Manufacturer,799002,North Eastern Circle,Shillong HQ Region,Agartala Division,"Ramnagar S.O (West Tripura), AgartalaGuard Post B.O, Barjala B.O",N/A,N/A,,,"V9P3+7Q3, Radhakishorenagar, Tripura 799008",799002,23.885904699999998,91.3538471,ChIJB8RiYW3xUzcRFPS2Ms6Ppc0,https://www.google.com/maps/place/?q=place_id:ChIJB8RiYW3xUzcRFPS2Ms6Ppc0,part_373,2026-09-20 20:35:26,61704
"Hulladek Recycling, Agartala",Scrap Dealer and Raddi Wholesaler,Waste management service,Waste management service,799003,North Eastern Circle,Shillong HQ Region,Agartala Division,"Arundhutinagar S.O, Badharghat B.O, Bardowali B.O",+91 99030 28800,https://www.hulladek.in/,,,"Gurkhabasti, VIP Rd, near Dominos Pizza, Bhubanban, Agartala, Tripura 799009",Bhubanban,23.875241,91.2684158,ChIJAZ0MYXL3UzcRwplc670czVI,https://www.google.com/maps/place/?q=place_id:ChIJAZ0MYXL3UzcRwplc670czVI,part_373,2026-09-20 20:36:02,62813
ScrapMyCar,Scrap Dealer and Raddi Wholesaler,Junkyard,Junkyard,799003,North Eastern Circle,Shillong HQ Region,Agartala Division,"Arundhutinagar S.O, Badharghat B.O, Bardowali B.O",+91 78273 15010,https://www.scrapmycar.in/,5.0,,"Narwana Apartment Block-E, I.P.Extension, Patparganj, Delhi, 110092","I.P.Extension, Patparganj",28.635745699999998,77.3025785,ChIJSQl9_4L7DDkRiiMDTEVfhDI,https://www.google.com/maps/place/?q=place_id:ChIJSQl9_4L7DDkRiiMDTEVfhDI,part_373,2026-09-20 20:36:02,62814
Recyclebaba Online Kabadiwala,Scrap Dealer and Raddi Wholesaler,Waste management service,Waste management service,799003,North Eastern Circle,Shillong HQ Region,Agartala Division,"Arundhutinagar S.O, Badharghat B.O, Bardowali B.O",+91 82184 78388,https://recyclebaba.com/,4.5,,"114/5, Chhuriya mohalla, Tughlaqabad Village, Tughlakabad, New Delhi, Delhi 110044","Chhuriya mohalla, Tughlaqabad Village, Tughlakabad",28.5189089,77.26846909999999,ChIJK6ZBJK3hDDkRPm5YRzjzP34,https://www.google.com/maps/place/?q=place_id:ChIJK6ZBJK3hDDkRPm5YRzjzP34,part_373,2026-09-20 20:36:02,62815
Titu Traders | Car Scrap Delhi | Car Scrap Dealers in Delhi,Scrap Dealer and Raddi Wholesaler,Salvage yard,"Salvage yard, Iron & Steel Store, Recycling center, Scrap metal dealer",799003,North Eastern Circle,Shillong HQ Region,Agartala Division,"Arundhutinagar S.O, Badharghat B.O, Bardowali B.O",+91 98184 47166,https://carscrapdealers.com/,4.6,,"BC 271, 272, Mangolpuri Industrial Area Phase II, Mangolpuri, New Delhi, Delhi 110083","Mangolpuri Industrial Area Phase II, Phase 2, Pocket C, Industrial Area, Mangolpuri",28.683721,77.098907,ChIJsQMeqAsEDTkR8cDwqlacxFA,https://www.google.com/maps/place/?q=place_id:ChIJsQMeqAsEDTkR8cDwqlacxFA,part_373,2026-09-20 20:36:02,62816
"Dumpsite West Tripura, IGGL-Ratnamani",Scrap Dealer and Raddi Wholesaler,Warehouse,Warehouse,799003,North Eastern Circle,Shillong HQ Region,Agartala Division,"Arundhutinagar S.O, Badharghat B.O, Bardowali B.O",N/A,N/A,5.0,,"RC58+84R, Radhapur, Tripura 799045",799003,23.808357599999997,91.4152649,ChIJE4vQmyDtUzcRPnL8EzNgP9U,https://www.google.com/maps/place/?q=place_id:ChIJE4vQmyDtUzcRPnL8EzNgP9U,part_373,2026-09-20 20:36:02,62817
Saha Trading,Scrap Dealer and Raddi Wholesaler,Iron ware dealer,"Iron ware dealer, Hardware store",799003,North Eastern Circle,Shillong HQ Region,Agartala Division,"Arundhutinagar S.O, Badharghat B.O, Bardowali B.O",N/A,N/A,5.0,12.0,"Dhan Chowmuni, Ranirbazar, Tripura 799035",799003,23.8334849,91.36829709999999,ChIJ41o_lGDtUzcRdKNgda4k6lE,https://www.google.com/maps/place/?q=place_id:ChIJ41o_lGDtUzcRdKNgda4k6lE,part_373,2026-09-20 20:36:03,62818
Mayank agency,Scrap Dealer and Raddi Wholesaler,Scrap metal dealer,Scrap metal dealer,799007,North Eastern Circle,Shillong HQ Region,Agartala Division,"Dhaleswar S.O, Banamalipur B.O",N/A,N/A,,,"South pulinpur, AA Rd, Tuichindrai, Hawaibari, Tripura 799205",Tuichindrai,23.8207007,91.6240079,ChIJ2WOQxgbHUzcRjEWwQzDFPAM,https://www.google.com/maps/place/?q=place_id:ChIJ2WOQxgbHUzcRjEWwQzDFPAM,part_373,2026-09-20 20:38:20,65649
ScrapRaja - Online Kabadiwala,Scrap Dealer and Raddi Wholesaler,Scrap metal dealer,"Scrap metal dealer, Garbage collection service, Garbage dump, Junk dealer, Recycling center, Salvage yard, Kabadiwala & Scrap Merchant, Waste management service",799009,North Eastern Circle,Shillong HQ Region,Agartala Division,"Durjaynagar B.O, Lankamura B.O, Agartala Aerodrome S.O",+91 80766 87560,https://scrapraja.com/,4.9,87.0,"Shop No.3, near Unitech House, Block L, South City I, Sector 41, Gurugram, Haryana 122003","Block L, South City I, Sector 41",28.4554871,77.06311819999999,ChIJf-cZbAAZDTkRL-HRtoLfjfQ,https://www.google.com/maps/place/?q=place_id:ChIJf-cZbAAZDTkRL-HRtoLfjfQ,part_373,2026-09-20 20:39:27,66803
SK Scrap Vendor,Scrap Dealer and Raddi Wholesaler,Scrap metal dealer,Scrap metal dealer,799010,North Eastern Circle,Shillong HQ Region,Agartala Division,Agartala Secretariat S.O,N/A,http://oldscrapbuyers.com/,5.0,,"H6V3+GCH, Airforce Golf Course, Delhi Race Club, New Delhi, Delhi 110003","Airforce Golf Course, Delhi Race Club",28.593807199999997,77.2036019,ChIJ_2u4NADjDDkRNKeXt_uzqvc,https://www.google.com/maps/place/?q=place_id:ChIJ_2u4NADjDDkRNKeXt_uzqvc,part_373,2026-09-20 20:40:00,68078
Scrap boy online(kabadi wala scrap,Scrap Dealer and Raddi Wholesaler,Salvage yard,"Salvage yard, Cupra dealer, Kabadiwala & Scrap Merchant, Scrap metal dealer",799010,North Eastern Circle,Shillong HQ Region,Agartala Division,Agartala Secretariat S.O,+91 97183 63671,https://www.scrapboyonline.com/,4.7,,"Wazirabad sector 52 beside Wazirabad sector 52, Rt Mishra Road, mahadev market, Gurugram, Haryana 122003","Sarswati Kunj II, Wazirabad, mahadev market",28.434821399999997,77.0839526,ChIJYwh8kMEZDTkRHyaS1i-LucM,https://www.google.com/maps/place/?q=place_id:ChIJYwh8kMEZDTkRHyaS1i-LucM,part_373,2026-09-20 20:40:00,68079
Ali Scrap Store,Scrap Dealer and Raddi Wholesaler,Scrap metal dealer,"Scrap metal dealer, Service establishment, Recycling center, Salvage yard, Kabadiwala & Scrap Merchant, Store",799010,North Eastern Circle,Shillong HQ Region,Agartala Division,Agartala Secretariat S.O,+91 98104 80446,N/A,5.0,,"Ali Scrap Store, 799010, India",799010,28.5244772,77.2962593,ChIJIXZQfQjjDDkRjVnNDIpFU-I,https://www.google.com/maps/place/?q=place_id:ChIJIXZQfQjjDDkRjVnNDIpFU-I,part_373,2026-09-20 20:40:00,68080
Scrap Dealer/ Buyer S. A Trading Company,Scrap Dealer and Raddi Wholesaler,Scrap metal dealer,Scrap metal dealer,799010,North Eastern Circle,Shillong HQ Region,Agartala Division,Agartala Secretariat S.O,+91 98717 17786,N/A,4.6,,"Udhoyog Vihar Phase 5 Piple Chowk Gurgaun, Haryana 122016","IDPL Township, Sector 22A, Sector 19",28.511046999999998,77.07755,ChIJqdMsffcbDTkRtREPsTiKJ8c,https://www.google.com/maps/place/?q=place_id:ChIJqdMsffcbDTkRtREPsTiKJ8c,part_373,2026-09-20 20:40:01,68081
Scrap buyers,Scrap Dealer and Raddi Wholesaler,Scrap metal dealer,Scrap metal dealer,799011,North Eastern Circle,Shillong HQ Region,Agartala Division,"Jampuijala SO, Ujan Ghaniamara B.O, Jampuijala Colony B.O",+91 79939 68994,N/A,5.0,73.0,"P Janardhan Reddy Nagar, HITEC City, Hyderabad, Telangana 500032","P Janardhan Reddy Nagar, HITEC City",17.440077,78.36496079999999,ChIJg6QzbiCTyzsRMBK_FGE3EKI,https://www.google.com/maps/place/?q=place_id:ChIJg6QzbiCTyzsRMBK_FGE3EKI,part_373,2026-09-20 20:40:36,69932
SIRI TRADERS,Scrap Dealer and Raddi Wholesaler,Scrap metal dealer,"Scrap metal dealer, Garbage dump, Waste management service",799012,North Eastern Circle,Shillong HQ Region,Agartala Division,"Salbagan S.O, Gandhigram B.O",+91 91339 33133,https://www.scrapman.in/,5.0,,"High Tension Rd, Sai Baba Nagar Colony Phase-1, Sangeet Nagar, Kukatpally, Hyderabad, Telangana 500072","Sai Baba Nagar Colony Phase-1, Sangeet Nagar, Kukatpally",17.488104399999997,78.4204476,ChIJ89ycG2GRyzsRfOanW0008KA,https://www.google.com/maps/place/?q=place_id:ChIJ89ycG2GRyzsRfOanW0008KA,part_373,2026-09-20 20:41:09,70501
R. R Industry,Scrap Dealer and Raddi Wholesaler,Manufacturer,"Manufacturer, Industrial Spares & Products Wholesaler",799015,North Eastern Circle,Shillong HQ Region,Agartala Division,"Narayanpur Bazar SO, Tebaria B.O",+91 70055 41437,N/A,4.8,10.0,"Dharmanagar - Kailashahar Rd, Dharmanagar, Dewanpasa, Tripura 799254",799015,24.3609679,92.14155439999999,ChIJB-rEb06TUTcRvgDhdt3nWlo,https://www.google.com/maps/place/?q=place_id:ChIJB-rEb06TUTcRvgDhdt3nWlo,part_373,2026-09-20 20:42:49,72932
Scrapbuk,Scrap Dealer and Raddi Wholesaler,Scrap metal dealer,"Scrap metal dealer, Garbage collection service, Kabadiwala & Scrap Merchant, Waste management service",799022,North Eastern Circle,Shillong HQ Region,Agartala Division,Tripura University S.O,+91 78143 00362,http://www.scrapbuk.in/,4.9,,"Floor 3rd, ITC-11, Wissen Research Pvt. Ltd. World Tech 67, near Municipal Corporation Office, Sector 67, Sahibzada Ajit Singh Nagar, Chandigarh, Punjab 160062",Sector 67,30.6815888,76.72604,ChIJ_ZiPfJztDzkRHOhuDMPJUsc,https://www.google.com/maps/place/?q=place_id:ChIJ_ZiPfJztDzkRHOhuDMPJUsc,part_373,2026-09-20 20:43:21,73367
Reliance Scrap Trading,Scrap Dealer and Raddi Wholesaler,Metal supplier,Metal supplier,799035,North Eastern Circle,Shillong HQ Region,Agartala Division,"Ranirbazar S.O, Burakha Landless Colony B.O, Dinabandhupara B.O",01571-761425,http://www.reliancescraptrading.com/,3.0,,"Progreesive Tower, Agrabad, C/A, Chattogram 4100, Bangladesh",10 No. North Kattali Ward,22.356851,91.7831819,ChIJFaG0PnDZrDARaU356yOAPm4,https://www.google.com/maps/place/?q=place_id:ChIJFaG0PnDZrDARaU356yOAPm4,part_373,2026-09-20 20:43:55,73952
Raama trading unit,Scrap Dealer and Raddi Wholesaler,Manufacturer,Manufacturer,799045,North Eastern Circle,Shillong HQ Region,Agartala Division,"Birendranagar S.O, Ashigarh B.O, Shantinagar B.O",N/A,N/A,5.0,,"3H7J+33F Subhash Park, Khowai, Dhalabil, Tripura 799201",799045,24.0626921,91.580162,ChIJDw-P3Z7fUzcRo3Y4Onq7VXo,https://www.google.com/maps/place/?q=place_id:ChIJDw-P3Z7fUzcRo3Y4Onq7VXo,part_373,2026-09-20 20:44:28,74419
